Id,Id2,Geography,Census_ID,Median_Value_2012,Median_Value_2014,Median_Value_2016,Change_in_Median_Value_201216,MedianChange
1400000US06037900704,6037900704,"Census Tract 9007.04, Los Angeles County, California",900704,10000,10000,10800,800,800
1400000US06037900602,6037900602,"Census Tract 9006.02, Los Angeles County, California",900602,31900,38800,42500,10600,10600
1400000US06037910602,6037910602,"Census Tract 9106.02, Los Angeles County, California",910602,81800,68700,62400,-19400,-19400
1400000US06037543305,6037543305,"Census Tract 5433.05, Los Angeles County, California",543305,77000,70300,69600,-7400,-7400
1400000US06037900605,6037900605,"Census Tract 9006.05, Los Angeles County, California",900605,66300,68000,77000,10700,10700
1400000US06037570603,6037570603,"Census Tract 5706.03, Los Angeles County, California",570603,82200,105200,79800,-2400,-2400
1400000US06037910403,6037910403,"Census Tract 9104.03, Los Angeles County, California",910403,121300,89600,89700,-31600,-31600
1400000US06037900103,6037900103,"Census Tract 9001.03, Los Angeles County, California",900103,122400,97900,109900,-12500,-12500
1400000US06037900609,6037900609,"Census Tract 9006.09, Los Angeles County, California",900609,116300,110600,113800,-2500,-2500
1400000US06037211922,6037211922,"Census Tract 2119.22, Los Angeles County, California",211922,183800,185700,115000,-68800,-68800
1400000US06037900102,6037900102,"Census Tract 9001.02, Los Angeles County, California",900102,160000,93800,115600,-44400,-44400
1400000US06037910402,6037910402,"Census Tract 9104.02, Los Angeles County, California",910402,112900,104300,116400,3500,3500
1400000US06037900606,6037900606,"Census Tract 9006.06, Los Angeles County, California",900606,116500,99600,121000,4500,4500
1400000US06037900701,6037900701,"Census Tract 9007.01, Los Angeles County, California",900701,138500,115400,124800,-13700,-13700
1400000US06037900507,6037900507,"Census Tract 9005.07, Los Angeles County, California",900507,118100,120200,126000,7900,7900
1400000US06037900804,6037900804,"Census Tract 9008.04, Los Angeles County, California",900804,97700,89400,128200,30500,30500
1400000US06037910502,6037910502,"Census Tract 9105.02, Los Angeles County, California",910502,113900,112400,128200,14300,14300
1400000US06037900607,6037900607,"Census Tract 9006.07, Los Angeles County, California",900607,123100,92900,128400,5300,5300
1400000US06037900104,6037900104,"Census Tract 9001.04, Los Angeles County, California",900104,79700,87100,130700,51000,51000
1400000US06037900501,6037900501,"Census Tract 9005.01, Los Angeles County, California",900501,119200,120200,133700,14500,14500
1400000US06037900703,6037900703,"Census Tract 9007.03, Los Angeles County, California",900703,125400,115800,134400,9000,9000
1400000US06037117407,6037117407,"Census Tract 1174.07, Los Angeles County, California",117407,595200,133300,135900,-459300,-459300
1400000US06037553802,6037553802,"Census Tract 5538.02, Los Angeles County, California",553802,187300,131400,139900,-47400,-47400
1400000US06037910504,6037910504,"Census Tract 9105.04, Los Angeles County, California",910504,123000,121200,142700,19700,19700
1400000US06037910601,6037910601,"Census Tract 9106.01, Los Angeles County, California",910601,111500,114600,146500,35000,35000
1400000US06037910711,6037910711,"Census Tract 9107.11, Los Angeles County, California",910711,137300,130000,147200,9900,9900
1400000US06037910707,6037910707,"Census Tract 9107.07, Los Angeles County, California",910707,145900,150800,151300,5400,5400
1400000US06037900805,6037900805,"Census Tract 9008.05, Los Angeles County, California",900805,153000,139900,154900,1900,1900
1400000US06037900505,6037900505,"Census Tract 9005.05, Los Angeles County, California",900505,179700,146000,157700,-22000,-22000
1400000US06037402501,6037402501,"Census Tract 4025.01, Los Angeles County, California",402501,156100,169100,158500,2400,2400
1400000US06037910603,6037910603,"Census Tract 9106.03, Los Angeles County, California",910603,152600,135800,158800,6200,6200
1400000US06037910002,6037910002,"Census Tract 9100.02, Los Angeles County, California",910002,151600,137200,159400,7800,7800
1400000US06037910404,6037910404,"Census Tract 9104.04, Los Angeles County, California",910404,148900,123400,161400,12500,12500
1400000US06037900506,6037900506,"Census Tract 9005.06, Los Angeles County, California",900506,143300,144300,162800,19500,19500
1400000US06037901008,6037901008,"Census Tract 9010.08, Los Angeles County, California",901008,157000,159000,164400,7400,7400
1400000US06037117405,6037117405,"Census Tract 1174.05, Los Angeles County, California",117405,145800,151300,164900,19100,19100
1400000US06037910606,6037910606,"Census Tract 9106.06, Los Angeles County, California",910606,139800,140300,166500,26700,26700
1400000US06037910714,6037910714,"Census Tract 9107.14, Los Angeles County, California",910714,120400,123700,167200,46800,46800
1400000US06037900300,6037900300,"Census Tract 9003, Los Angeles County, California",900300,132400,146600,168100,35700,35700
1400000US06037910001,6037910001,"Census Tract 9100.01, Los Angeles County, California",910001,157900,150000,171500,13600,13600
1400000US06037224020,6037224020,"Census Tract 2240.20, Los Angeles County, California",224020,294600,171100,172300,-122300,-122300
1400000US06037900608,6037900608,"Census Tract 9006.08, Los Angeles County, California",900608,150200,143800,173100,22900,22900
1400000US06037910505,6037910505,"Census Tract 9105.05, Los Angeles County, California",910505,147100,142700,173500,26400,26400
1400000US06037910605,6037910605,"Census Tract 9106.05, Los Angeles County, California",910605,115300,128100,175600,60300,60300
1400000US06037900806,6037900806,"Census Tract 9008.06, Los Angeles County, California",900806,109400,106100,176100,66700,66700
1400000US06037900803,6037900803,"Census Tract 9008.03, Los Angeles County, California",900803,164400,150800,176200,11800,11800
1400000US06037920038,6037920038,"Census Tract 9200.38, Los Angeles County, California",920038,155700,145700,181100,25400,25400
1400000US06037900201,6037900201,"Census Tract 9002.01, Los Angeles County, California",900201,167200,138600,181100,13900,13900
1400000US06037104704,6037104704,"Census Tract 1047.04, Los Angeles County, California",104704,214300,168300,184400,-29900,-29900
1400000US06037534404,6037534404,"Census Tract 5344.04, Los Angeles County, California",534404,151500,155400,185000,33500,33500
1400000US06037910706,6037910706,"Census Tract 9107.06, Los Angeles County, California",910706,169600,161600,186400,16800,16800
1400000US06037575902,6037575902,"Census Tract 5759.02, Los Angeles County, California",575902,176300,166300,186500,10200,10200
1400000US06037910712,6037910712,"Census Tract 9107.12, Los Angeles County, California",910712,196200,163400,186900,-9300,-9300
1400000US06037120103,6037120103,"Census Tract 1201.03, Los Angeles County, California",120103,127100,260700,187500,60400,60400
1400000US06037211803,6037211803,"Census Tract 2118.03, Los Angeles County, California",211803,309500,325000,189100,-120400,-120400
1400000US06037120108,6037120108,"Census Tract 1201.08, Los Angeles County, California",120108,179700,148400,190000,10300,10300
1400000US06037500500,6037500500,"Census Tract 5005, Los Angeles County, California",500500,200200,184500,192900,-7300,-7300
1400000US06037910715,6037910715,"Census Tract 9107.15, Los Angeles County, California",910715,164300,149800,193000,28700,28700
1400000US06037534301,6037534301,"Census Tract 5343.01, Los Angeles County, California",534301,29200,49500,193200,164000,164000
1400000US06037910201,6037910201,"Census Tract 9102.01, Los Angeles County, California",910201,208600,185500,193300,-15300,-15300
1400000US06037920012,6037920012,"Census Tract 9200.12, Los Angeles County, California",920012,250200,188300,193300,-56900,-56900
1400000US06037901010,6037901010,"Census Tract 9010.10, Los Angeles County, California",901010,223000,179900,196100,-26900,-26900
1400000US06037901209,6037901209,"Census Tract 9012.09, Los Angeles County, California",901209,265200,196500,198000,-67200,-67200
1400000US06037900504,6037900504,"Census Tract 9005.04, Los Angeles County, California",900504,185800,167500,198300,12500,12500
1400000US06037910713,6037910713,"Census Tract 9107.13, Los Angeles County, California",910713,164400,159000,199500,35100,35100
1400000US06037910716,6037910716,"Census Tract 9107.16, Los Angeles County, California",910716,193800,170800,201300,7500,7500
1400000US06037540400,6037540400,"Census Tract 5404, Los Angeles County, California",540400,186300,163000,201400,15100,15100
1400000US06037901011,6037901011,"Census Tract 9010.11, Los Angeles County, California",901011,223800,201900,202200,-21600,-21600
1400000US06037901101,6037901101,"Census Tract 9011.01, Los Angeles County, California",901101,192600,171200,203700,11100,11100
1400000US06037106407,6037106407,"Census Tract 1064.07, Los Angeles County, California",106407,150500,160400,203800,53300,53300
1400000US06037402403,6037402403,"Census Tract 4024.03, Los Angeles County, California",402403,201500,204200,205300,3800,3800
1400000US06037910705,6037910705,"Census Tract 9107.05, Los Angeles County, California",910705,213000,193900,211400,-1600,-1600
1400000US06037910101,6037910101,"Census Tract 9101.01, Los Angeles County, California",910101,189300,188400,212000,22700,22700
1400000US06037911001,6037911001,"Census Tract 9110.01, Los Angeles County, California",911001,226200,193500,213200,-13000,-13000
1400000US06037901009,6037901009,"Census Tract 9010.09, Los Angeles County, California",901009,209900,183700,215100,5200,5200
1400000US06037901210,6037901210,"Census Tract 9012.10, Los Angeles County, California",901210,256600,212300,216900,-39700,-39700
1400000US06037900508,6037900508,"Census Tract 9005.08, Los Angeles County, California",900508,198500,169300,218200,19700,19700
1400000US06037900900,6037900900,"Census Tract 9009, Los Angeles County, California",900900,214100,205700,218800,4700,4700
1400000US06037533104,6037533104,"Census Tract 5331.04, Los Angeles County, California",533104,192900,161100,221400,28500,28500
1400000US06037139302,6037139302,"Census Tract 1393.02, Los Angeles County, California",139302,254300,220100,221900,-32400,-32400
1400000US06037135113,6037135113,"Census Tract 1351.13, Los Angeles County, California",135113,168400,211700,222100,53700,53700
1400000US06037542502,6037542502,"Census Tract 5425.02, Los Angeles County, California",542502,253100,171200,222300,-30800,-30800
1400000US06037408138,6037408138,"Census Tract 4081.38, Los Angeles County, California",408138,158900,192400,222600,63700,63700
1400000US06037920037,6037920037,"Census Tract 9200.37, Los Angeles County, California",920037,192700,186500,222700,30000,30000
1400000US06037554105,6037554105,"Census Tract 5541.05, Los Angeles County, California",554105,265600,160500,222800,-42800,-42800
1400000US06037242300,6037242300,"Census Tract 2423, Los Angeles County, California",242300,237200,197100,222900,-14300,-14300
1400000US06037576502,6037576502,"Census Tract 5765.02, Los Angeles County, California",576502,244400,202500,224600,-19800,-19800
1400000US06037240600,6037240600,"Census Tract 2406, Los Angeles County, California",240600,224000,184600,225300,1300,1300
1400000US06037900705,6037900705,"Census Tract 9007.05, Los Angeles County, California",900705,234700,198300,226000,-8700,-8700
1400000US06037229100,6037229100,"Census Tract 2291, Los Angeles County, California",229100,276300,223800,226800,-49500,-49500
1400000US06037119310,6037119310,"Census Tract 1193.10, Los Angeles County, California",119310,184000,179900,227100,43100,43100
1400000US06037402304,6037402304,"Census Tract 4023.04, Los Angeles County, California",402304,147500,185200,227600,80100,80100
1400000US06037576501,6037576501,"Census Tract 5765.01, Los Angeles County, California",576501,250000,236200,228500,-21500,-21500
1400000US06037535001,6037535001,"Census Tract 5350.01, Los Angeles County, California",535001,259700,215700,229200,-30500,-30500
1400000US06037119342,6037119342,"Census Tract 1193.42, Los Angeles County, California",119342,201000,199200,229700,28700,28700
1400000US06037541400,6037541400,"Census Tract 5414, Los Angeles County, California",541400,227600,208900,229700,2100,2100
1400000US06037572500,6037572500,"Census Tract 5725, Los Angeles County, California",572500,136400,153000,230200,93800,93800
1400000US06037229410,6037229410,"Census Tract 2294.10, Los Angeles County, California",229410,216700,217100,230700,14000,14000
1400000US06037117530,6037117530,"Census Tract 1175.30, Los Angeles County, California",117530,314200,185100,231100,-83100,-83100
1400000US06037401601,6037401601,"Census Tract 4016.01, Los Angeles County, California",401601,235000,227100,231300,-3700,-3700
1400000US06037532605,6037532605,"Census Tract 5326.05, Los Angeles County, California",532605,242600,229900,231900,-10700,-10700
1400000US06037601002,6037601002,"Census Tract 6010.02, Los Angeles County, California",601002,241800,220600,232900,-8900,-8900
1400000US06037228600,6037228600,"Census Tract 2286, Los Angeles County, California",228600,317700,226200,234100,-83600,-83600
1400000US06037211910,6037211910,"Census Tract 2119.10, Los Angeles County, California",211910,217700,227800,234700,17000,17000
1400000US06037535400,6037535400,"Census Tract 5354, Los Angeles County, California",535400,285700,218900,234800,-50900,-50900
1400000US06037113234,6037113234,"Census Tract 1132.34, Los Angeles County, California",113234,260600,254600,234900,-25700,-25700
1400000US06037542700,6037542700,"Census Tract 5427, Los Angeles County, California",542700,219800,181700,236300,16500,16500
1400000US06037243000,6037243000,"Census Tract 2430, Los Angeles County, California",243000,232700,191300,236900,4200,4200
1400000US06037601303,6037601303,"Census Tract 6013.03, Los Angeles County, California",601303,300500,191300,237200,-63300,-63300
1400000US06037294410,6037294410,"Census Tract 2944.10, Los Angeles County, California",294410,239000,216800,237600,-1400,-1400
1400000US06037575901,6037575901,"Census Tract 5759.01, Los Angeles County, California",575901,226100,207400,237900,11800,11800
1400000US06037239602,6037239602,"Census Tract 2396.02, Los Angeles County, California",239602,172600,193800,238700,66100,66100
1400000US06037575803,6037575803,"Census Tract 5758.03, Los Angeles County, California",575803,229200,215700,239700,10500,10500
1400000US06037535002,6037535002,"Census Tract 5350.02, Los Angeles County, California",535002,220100,209400,239800,19700,19700
1400000US06037901102,6037901102,"Census Tract 9011.02, Los Angeles County, California",901102,227800,200200,240100,12300,12300
1400000US06037240010,6037240010,"Census Tract 2400.10, Los Angeles County, California",240010,164700,226600,241700,77000,77000
1400000US06037533106,6037533106,"Census Tract 5331.06, Los Angeles County, California",533106,263500,230500,241700,-21800,-21800
1400000US06037910401,6037910401,"Census Tract 9104.01, Los Angeles County, California",910401,199100,212100,242300,43200,43200
1400000US06037553502,6037553502,"Census Tract 5535.02, Los Angeles County, California",553502,161100,171900,242700,81600,81600
1400000US06037542602,6037542602,"Census Tract 5426.02, Los Angeles County, California",542602,218500,192800,242700,24200,24200
1400000US06037104105,6037104105,"Census Tract 1041.05, Los Angeles County, California",104105,203600,214900,243000,39400,39400
1400000US06037542800,6037542800,"Census Tract 5428, Los Angeles County, California",542800,236500,234200,243100,6600,6600
1400000US06037242200,6037242200,"Census Tract 2422, Los Angeles County, California",242200,243400,233100,243500,100,100
1400000US06037237600,6037237600,"Census Tract 2376, Los Angeles County, California",237600,295500,268400,244600,-50900,-50900
1400000US06037601302,6037601302,"Census Tract 6013.02, Los Angeles County, California",601302,235600,204300,245500,9900,9900
1400000US06037901007,6037901007,"Census Tract 9010.07, Los Angeles County, California",901007,249500,247600,245800,-3700,-3700
1400000US06037540600,6037540600,"Census Tract 5406, Los Angeles County, California",540600,269700,233900,245900,-23800,-23800
1400000US06037910208,6037910208,"Census Tract 9102.08, Los Angeles County, California",910208,217700,208900,246100,28400,28400
1400000US06037535200,6037535200,"Census Tract 5352, Los Angeles County, California",535200,258100,247700,246700,-11400,-11400
1400000US06037541603,6037541603,"Census Tract 5416.03, Los Angeles County, California",541603,259300,251800,247100,-12200,-12200
1400000US06037542105,6037542105,"Census Tract 5421.05, Los Angeles County, California",542105,256300,216200,247200,-9100,-9100
1400000US06037132502,6037132502,"Census Tract 1325.02, Los Angeles County, California",132502,267000,236200,248100,-18900,-18900
1400000US06037239701,6037239701,"Census Tract 2397.01, Los Angeles County, California",239701,234900,214900,249100,14200,14200
1400000US06037555212,6037555212,"Census Tract 5552.12, Los Angeles County, California",555212,291300,159800,249100,-42200,-42200
1400000US06037228100,6037228100,"Census Tract 2281, Los Angeles County, California",228100,194300,206900,250000,55700,55700
1400000US06037553902,6037553902,"Census Tract 5539.02, Los Angeles County, California",553902,209300,171200,250000,40700,40700
1400000US06037553701,6037553701,"Census Tract 5537.01, Los Angeles County, California",553701,209900,212200,250000,40100,40100
1400000US06037106408,6037106408,"Census Tract 1064.08, Los Angeles County, California",106408,233700,210000,250000,16300,16300
1400000US06037243100,6037243100,"Census Tract 2431, Los Angeles County, California",243100,198200,204400,250700,52500,52500
1400000US06037531202,6037531202,"Census Tract 5312.02, Los Angeles County, California",531202,301700,243300,250800,-50900,-50900
1400000US06037237401,6037237401,"Census Tract 2374.01, Los Angeles County, California",237401,269300,248100,251300,-18000,-18000
1400000US06037540901,6037540901,"Census Tract 5409.01, Los Angeles County, California",540901,238800,237000,251400,12600,12600
1400000US06037402902,6037402902,"Census Tract 4029.02, Los Angeles County, California",402902,248800,240600,251600,2800,2800
1400000US06037541200,6037541200,"Census Tract 5412, Los Angeles County, California",541200,259300,236300,251600,-7700,-7700
1400000US06037542200,6037542200,"Census Tract 5422, Los Angeles County, California",542200,247600,228600,252600,5000,5000
1400000US06037535101,6037535101,"Census Tract 5351.01, Los Angeles County, California",535101,284200,242900,252600,-31600,-31600
1400000US06037541002,6037541002,"Census Tract 5410.02, Los Angeles County, California",541002,216100,235000,252700,36600,36600
1400000US06037541500,6037541500,"Census Tract 5415, Los Angeles County, California",541500,226600,224500,252800,26200,26200
1400000US06037601401,6037601401,"Census Tract 6014.01, Los Angeles County, California",601401,270600,255800,255400,-15200,-15200
1400000US06037402402,6037402402,"Census Tract 4024.02, Los Angeles County, California",402402,222100,217500,255500,33400,33400
1400000US06037104703,6037104703,"Census Tract 1047.03, Los Angeles County, California",104703,174400,209400,255700,81300,81300
1400000US06037237300,6037237300,"Census Tract 2373, Los Angeles County, California",237300,263300,245500,256200,-7100,-7100
1400000US06037242000,6037242000,"Census Tract 2420, Los Angeles County, California",242000,230900,203900,256600,25700,25700
1400000US06037234800,6037234800,"Census Tract 2348, Los Angeles County, California",234800,283300,257800,256700,-26600,-26600
1400000US06037240402,6037240402,"Census Tract 2404.02, Los Angeles County, California",240402,277300,250000,257000,-20300,-20300
1400000US06037134520,6037134520,"Census Tract 1345.20, Los Angeles County, California",134520,202500,198300,257300,54800,54800
1400000US06037543801,6037543801,"Census Tract 5438.01, Los Angeles County, California",543801,230100,240600,257300,27200,27200
1400000US06037241001,6037241001,"Census Tract 2410.01, Los Angeles County, California",241001,234600,250600,257800,23200,23200
1400000US06037543905,6037543905,"Census Tract 5439.05, Los Angeles County, California",543905,237300,253600,258100,20800,20800
1400000US06037104108,6037104108,"Census Tract 1041.08, Los Angeles County, California",104108,291700,251700,258100,-33600,-33600
1400000US06037542103,6037542103,"Census Tract 5421.03, Los Angeles County, California",542103,224400,220700,258200,33800,33800
1400000US06037237402,6037237402,"Census Tract 2374.02, Los Angeles County, California",237402,224200,243800,258600,34400,34400
1400000US06037920041,6037920041,"Census Tract 9200.41, Los Angeles County, California",920041,264100,250000,258700,-5400,-5400
1400000US06037240800,6037240800,"Census Tract 2408, Los Angeles County, California",240800,225000,194000,259000,34000,34000
1400000US06037408800,6037408800,"Census Tract 4088, Los Angeles County, California",408800,269200,244800,259100,-10100,-10100
1400000US06037240300,6037240300,"Census Tract 2403, Los Angeles County, California",240300,302100,244200,259100,-43000,-43000
1400000US06037542900,6037542900,"Census Tract 5429, Los Angeles County, California",542900,235900,212400,259400,23500,23500
1400000US06037240700,6037240700,"Census Tract 2407, Los Angeles County, California",240700,225200,233400,259500,34300,34300
1400000US06037534405,6037534405,"Census Tract 5344.05, Los Angeles County, California",534405,210700,202500,259600,48900,48900
1400000US06037534201,6037534201,"Census Tract 5342.01, Los Angeles County, California",534201,287000,241400,260800,-26200,-26200
1400000US06037901004,6037901004,"Census Tract 9010.04, Los Angeles County, California",901004,257400,241200,261800,4400,4400
1400000US06037239501,6037239501,"Census Tract 2395.01, Los Angeles County, California",239501,216700,254900,262100,45400,45400
1400000US06037575103,6037575103,"Census Tract 5751.03, Los Angeles County, California",575103,341300,270800,262800,-78500,-78500
1400000US06037910207,6037910207,"Census Tract 9102.07, Los Angeles County, California",910207,244200,235900,263000,18800,18800
1400000US06037542501,6037542501,"Census Tract 5425.01, Los Angeles County, California",542501,270800,242100,263200,-7600,-7600
1400000US06037542601,6037542601,"Census Tract 5426.01, Los Angeles County, California",542601,252000,231000,263800,11800,11800
1400000US06037532800,6037532800,"Census Tract 5328, Los Angeles County, California",532800,283300,262300,263800,-19500,-19500
1400000US06037239801,6037239801,"Census Tract 2398.01, Los Angeles County, California",239801,292300,263300,263800,-28500,-28500
1400000US06037553504,6037553504,"Census Tract 5535.04, Los Angeles County, California",553504,286700,239300,263900,-22800,-22800
1400000US06037533601,6037533601,"Census Tract 5336.01, Los Angeles County, California",533601,296400,264600,264300,-32100,-32100
1400000US06037531502,6037531502,"Census Tract 5315.02, Los Angeles County, California",531502,202000,218600,264400,62400,62400
1400000US06037402705,6037402705,"Census Tract 4027.05, Los Angeles County, California",402705,239500,233400,264600,25100,25100
1400000US06037540700,6037540700,"Census Tract 5407, Los Angeles County, California",540700,278600,255300,265000,-13600,-13600
1400000US06037553702,6037553702,"Census Tract 5537.02, Los Angeles County, California",553702,263900,246600,265300,1400,1400
1400000US06037533901,6037533901,"Census Tract 5339.01, Los Angeles County, California",533901,334500,335000,265800,-68700,-68700
1400000US06037402804,6037402804,"Census Tract 4028.04, Los Angeles County, California",402804,257900,254800,266000,8100,8100
1400000US06037554204,6037554204,"Census Tract 5542.04, Los Angeles County, California",554204,276900,252000,266000,-10900,-10900
1400000US06037402801,6037402801,"Census Tract 4028.01, Los Angeles County, California",402801,235700,235000,266100,30400,30400
1400000US06037404501,6037404501,"Census Tract 4045.01, Los Angeles County, California",404501,241700,191100,267200,25500,25500
1400000US06037543100,6037543100,"Census Tract 5431, Los Angeles County, California",543100,290200,242200,267200,-23000,-23000
1400000US06037224320,6037224320,"Census Tract 2243.20, Los Angeles County, California",224320,336000,336000,267700,-68300,-68300
1400000US06037231720,6037231720,"Census Tract 2317.20, Los Angeles County, California",231720,282100,274500,268400,-13700,-13700
1400000US06037240200,6037240200,"Census Tract 2402, Los Angeles County, California",240200,233500,221300,268900,35400,35400
1400000US06037239202,6037239202,"Census Tract 2392.02, Los Angeles County, California",239202,215700,218100,269100,53400,53400
1400000US06037241201,6037241201,"Census Tract 2412.01, Los Angeles County, California",241201,210200,223600,269400,59200,59200
1400000US06037293307,6037293307,"Census Tract 2933.07, Los Angeles County, California",293307,239400,243800,269700,30300,30300
1400000US06037531301,6037531301,"Census Tract 5313.01, Los Angeles County, California",531301,281800,277600,270100,-11700,-11700
1400000US06037402406,6037402406,"Census Tract 4024.06, Los Angeles County, California",402406,243100,236100,270200,27100,27100
1400000US06037239330,6037239330,"Census Tract 2393.30, Los Angeles County, California",239330,233500,226700,270600,37100,37100
1400000US06037910210,6037910210,"Census Tract 9102.10, Los Angeles County, California",910210,265100,238300,270600,5500,5500
1400000US06037125320,6037125320,"Census Tract 1253.20, Los Angeles County, California",125320,279800,293100,270700,-9100,-9100
1400000US06037228310,6037228310,"Census Tract 2283.10, Los Angeles County, California",228310,267600,248300,270800,3200,3200
1400000US06037408139,6037408139,"Census Tract 4081.39, Los Angeles County, California",408139,278800,255600,270800,-8000,-8000
1400000US06037228500,6037228500,"Census Tract 2285, Los Angeles County, California",228500,321200,283900,270800,-50400,-50400
1400000US06037572301,6037572301,"Census Tract 5723.01, Los Angeles County, California",572301,288200,273000,271100,-17100,-17100
1400000US06037239802,6037239802,"Census Tract 2398.02, Los Angeles County, California",239802,333300,256400,271100,-62200,-62200
1400000US06037240401,6037240401,"Census Tract 2404.01, Los Angeles County, California",240401,240700,277100,271400,30700,30700
1400000US06037239702,6037239702,"Census Tract 2397.02, Los Angeles County, California",239702,314100,224400,271700,-42400,-42400
1400000US06037601212,6037601212,"Census Tract 6012.12, Los Angeles County, California",601212,349500,289400,271900,-77600,-77600
1400000US06037910709,6037910709,"Census Tract 9107.09, Los Angeles County, California",910709,236500,219900,272500,36000,36000
1400000US06037542402,6037542402,"Census Tract 5424.02, Los Angeles County, California",542402,239900,254300,272700,32800,32800
1400000US06037576200,6037576200,"Census Tract 5762, Los Angeles County, California",576200,258800,222800,273500,14700,14700
1400000US06037240020,6037240020,"Census Tract 2400.20, Los Angeles County, California",240020,230900,219000,273600,42700,42700
1400000US06037602506,6037602506,"Census Tract 6025.06, Los Angeles County, California",602506,301800,281300,273600,-28200,-28200
1400000US06037239601,6037239601,"Census Tract 2396.01, Los Angeles County, California",239601,314700,291700,273600,-41100,-41100
1400000US06037190520,6037190520,"Census Tract 1905.20, Los Angeles County, California",190520,430200,329200,273800,-156400,-156400
1400000US06037533300,6037533300,"Census Tract 5333, Los Angeles County, California",533300,241700,266400,274000,32300,32300
1400000US06037553503,6037553503,"Census Tract 5535.03, Los Angeles County, California",553503,289400,296500,274100,-15300,-15300
1400000US06037237201,6037237201,"Census Tract 2372.01, Los Angeles County, California",237201,286000,273800,274200,-11800,-11800
1400000US06037601100,6037601100,"Census Tract 6011, Los Angeles County, California",601100,510900,212500,274400,-236500,-236500
1400000US06037405102,6037405102,"Census Tract 4051.02, Los Angeles County, California",405102,264600,249300,274500,9900,9900
1400000US06037224200,6037224200,"Census Tract 2242, Los Angeles County, California",224200,447500,294200,275000,-172500,-172500
1400000US06037540800,6037540800,"Census Tract 5408, Los Angeles County, California",540800,238800,225100,276100,37300,37300
1400000US06037211704,6037211704,"Census Tract 2117.04, Los Angeles County, California",211704,245500,237200,276600,31100,31100
1400000US06037106114,6037106114,"Census Tract 1061.14, Los Angeles County, California",106114,267400,256100,277400,10000,10000
1400000US06037203100,6037203100,"Census Tract 2031, Los Angeles County, California",203100,231700,233000,277500,45800,45800
1400000US06037533002,6037533002,"Census Tract 5330.02, Los Angeles County, California",533002,254500,266700,277500,23000,23000
1400000US06037575300,6037575300,"Census Tract 5753, Los Angeles County, California",575300,327500,289200,277900,-49600,-49600
1400000US06037542104,6037542104,"Census Tract 5421.04, Los Angeles County, California",542104,244200,250000,278300,34100,34100
1400000US06037901205,6037901205,"Census Tract 9012.05, Los Angeles County, California",901205,236000,228200,278500,42500,42500
1400000US06037910209,6037910209,"Census Tract 9102.09, Los Angeles County, California",910209,246900,237700,279400,32500,32500
1400000US06037571704,6037571704,"Census Tract 5717.04, Los Angeles County, California",571704,248000,260200,279700,31700,31700
1400000US06037104320,6037104320,"Census Tract 1043.20, Los Angeles County, California",104320,256700,252300,279800,23100,23100
1400000US06037920031,6037920031,"Census Tract 9200.31, Los Angeles County, California",920031,279800,268100,279800,0,0
1400000US06037231900,6037231900,"Census Tract 2319, Los Angeles County, California",231900,282300,275000,280300,-2000,-2000
1400000US06037104610,6037104610,"Census Tract 1046.10, Los Angeles County, California",104610,276900,271400,280500,3600,3600
1400000US06037534900,6037534900,"Census Tract 5349, Los Angeles County, California",534900,269300,259800,280700,11400,11400
1400000US06037551102,6037551102,"Census Tract 5511.02, Los Angeles County, California",551102,441900,427600,280800,-161100,-161100
1400000US06037403000,6037403000,"Census Tract 4030, Los Angeles County, California",403000,225000,222600,280900,55900,55900
1400000US06037402803,6037402803,"Census Tract 4028.03, Los Angeles County, California",402803,240500,253000,280900,40400,40400
1400000US06037542401,6037542401,"Census Tract 5424.01, Los Angeles County, California",542401,285100,253400,281100,-4000,-4000
1400000US06037241202,6037241202,"Census Tract 2412.02, Los Angeles County, California",241202,272000,245000,281500,9500,9500
1400000US06037543000,6037543000,"Census Tract 5430, Los Angeles County, California",543000,299800,262600,281600,-18200,-18200
1400000US06037532900,6037532900,"Census Tract 5329, Los Angeles County, California",532900,277600,257500,281800,4200,4200
1400000US06037294610,6037294610,"Census Tract 2946.10, Los Angeles County, California",294610,324100,283300,281800,-42300,-42300
1400000US06037240500,6037240500,"Census Tract 2405, Los Angeles County, California",240500,264800,232600,281900,17100,17100
1400000US06037106405,6037106405,"Census Tract 1064.05, Los Angeles County, California",106405,277700,255000,281900,4200,4200
1400000US06037204820,6037204820,"Census Tract 2048.20, Los Angeles County, California",204820,331700,305200,281900,-49800,-49800
1400000US06037228720,6037228720,"Census Tract 2287.20, Los Angeles County, California",228720,261400,248800,282000,20600,20600
1400000US06037239310,6037239310,"Census Tract 2393.10, Los Angeles County, California",239310,321200,280400,282000,-39200,-39200
1400000US06037543202,6037543202,"Census Tract 5432.02, Los Angeles County, California",543202,237600,252500,282100,44500,44500
1400000US06037534804,6037534804,"Census Tract 5348.04, Los Angeles County, California",534804,253300,249800,282200,28900,28900
1400000US06037910812,6037910812,"Census Tract 9108.12, Los Angeles County, California",910812,335600,264100,282600,-53000,-53000
1400000US06037541606,6037541606,"Census Tract 5416.06, Los Angeles County, California",541606,273800,270600,282700,8900,8900
1400000US06037242700,6037242700,"Census Tract 2427, Los Angeles County, California",242700,197900,188900,283200,85300,85300
1400000US06037534203,6037534203,"Census Tract 5342.03, Los Angeles County, California",534203,262500,285400,283300,20800,20800
1400000US06037239201,6037239201,"Census Tract 2392.01, Los Angeles County, California",239201,279700,258200,283300,3600,3600
1400000US06037920106,6037920106,"Census Tract 9201.06, Los Angeles County, California",920106,304900,252200,283300,-21600,-21600
1400000US06037117520,6037117520,"Census Tract 1175.20, Los Angeles County, California",117520,239500,256400,283500,44000,44000
1400000US06037543201,6037543201,"Census Tract 5432.01, Los Angeles County, California",543201,280200,246700,283500,3300,3300
1400000US06037540902,6037540902,"Census Tract 5409.02, Los Angeles County, California",540902,287700,262400,284100,-3600,-3600
1400000US06037210010,6037210010,"Census Tract 2100.10, Los Angeles County, California",210010,204700,221700,284500,79800,79800
1400000US06037402301,6037402301,"Census Tract 4023.01, Los Angeles County, California",402301,305700,265600,284700,-21000,-21000
1400000US06037402405,6037402405,"Census Tract 4024.05, Los Angeles County, California",402405,247900,263800,284800,36900,36900
1400000US06037555102,6037555102,"Census Tract 5551.02, Los Angeles County, California",555102,286800,268400,284800,-2000,-2000
1400000US06037910302,6037910302,"Census Tract 9103.02, Los Angeles County, California",910302,287600,268800,285300,-2300,-2300
1400000US06037241110,6037241110,"Census Tract 2411.10, Los Angeles County, California",241110,252000,249100,286000,34000,34000
1400000US06037570304,6037570304,"Census Tract 5703.04, Los Angeles County, California",570304,208200,198100,286300,78100,78100
1400000US06037540201,6037540201,"Census Tract 5402.01, Los Angeles County, California",540201,345300,274300,286600,-58700,-58700
1400000US06037540300,6037540300,"Census Tract 5403, Los Angeles County, California",540300,295900,271800,286800,-9100,-9100
1400000US06037534406,6037534406,"Census Tract 5344.06, Los Angeles County, California",534406,343800,288300,286800,-57000,-57000
1400000US06037602505,6037602505,"Census Tract 6025.05, Los Angeles County, California",602505,283800,279700,287200,3400,3400
1400000US06037228900,6037228900,"Census Tract 2289, Los Angeles County, California",228900,249300,239300,287500,38200,38200
1400000US06037533502,6037533502,"Census Tract 5335.02, Los Angeles County, California",533502,326900,274600,288000,-38900,-38900
1400000US06037294701,6037294701,"Census Tract 2947.01, Los Angeles County, California",294701,227200,231800,288200,61000,61000
1400000US06037134306,6037134306,"Census Tract 1343.06, Los Angeles County, California",134306,308000,216500,288400,-19600,-19600
1400000US06037930301,6037930301,"Census Tract 9303.01, Los Angeles County, California",930301,277100,326900,288500,11400,11400
1400000US06037232800,6037232800,"Census Tract 2328, Los Angeles County, California",232800,306000,253700,288500,-17500,-17500
1400000US06037570301,6037570301,"Census Tract 5703.01, Los Angeles County, California",570301,278900,266500,289000,10100,10100
1400000US06037237202,6037237202,"Census Tract 2372.02, Los Angeles County, California",237202,279600,275100,289100,9500,9500
1400000US06037920029,6037920029,"Census Tract 9200.29, Los Angeles County, California",920029,268000,269600,289600,21600,21600
1400000US06037232600,6037232600,"Census Tract 2326, Los Angeles County, California",232600,245400,244000,289900,44500,44500
1400000US06037208000,6037208000,"Census Tract 2080, Los Angeles County, California",208000,308100,286800,289900,-18200,-18200
1400000US06037910206,6037910206,"Census Tract 9102.06, Los Angeles County, California",910206,277900,240600,290000,12100,12100
1400000US06037232110,6037232110,"Census Tract 2321.10, Los Angeles County, California",232110,249500,241200,290200,40700,40700
1400000US06037542106,6037542106,"Census Tract 5421.06, Los Angeles County, California",542106,243200,246300,290300,47100,47100
1400000US06037231210,6037231210,"Census Tract 2312.10, Los Angeles County, California",231210,325900,290100,290400,-35500,-35500
1400000US06037920011,6037920011,"Census Tract 9200.11, Los Angeles County, California",920011,293800,256300,290600,-3200,-3200
1400000US06037575402,6037575402,"Census Tract 5754.02, Los Angeles County, California",575402,344000,247000,290600,-53400,-53400
1400000US06037231710,6037231710,"Census Tract 2317.10, Los Angeles County, California",231710,325800,283500,290700,-35100,-35100
1400000US06037535300,6037535300,"Census Tract 5353, Los Angeles County, California",535300,240900,239500,291100,50200,50200
1400000US06037231300,6037231300,"Census Tract 2313, Los Angeles County, California",231300,360900,328600,291100,-69800,-69800
1400000US06037433302,6037433302,"Census Tract 4333.02, Los Angeles County, California",433302,246300,284200,291300,45000,45000
1400000US06037602900,6037602900,"Census Tract 6029, Los Angeles County, California",602900,306300,278700,291300,-15000,-15000
1400000US06037237720,6037237720,"Census Tract 2377.20, Los Angeles County, California",237720,190700,207700,291400,100700,100700
1400000US06037542000,6037542000,"Census Tract 5420, Los Angeles County, California",542000,251500,254700,291900,40400,40400
1400000US06037228220,6037228220,"Census Tract 2282.20, Los Angeles County, California",228220,296800,290600,292000,-4800,-4800
1400000US06037536102,6037536102,"Census Tract 5361.02, Los Angeles County, California",536102,286800,264900,292700,5900,5900
1400000US06037540502,6037540502,"Census Tract 5405.02, Los Angeles County, California",540502,323900,302800,292900,-31000,-31000
1400000US06037920337,6037920337,"Census Tract 9203.37, Los Angeles County, California",920337,221900,208900,293200,71300,71300
1400000US06037533701,6037533701,"Census Tract 5337.01, Los Angeles County, California",533701,244000,267900,293200,49200,49200
1400000US06037910301,6037910301,"Census Tract 9103.01, Los Angeles County, California",910301,280800,256300,293300,12500,12500
1400000US06037535102,6037535102,"Census Tract 5351.02, Los Angeles County, California",535102,203100,221400,293500,90400,90400
1400000US06037535606,6037535606,"Census Tract 5356.06, Los Angeles County, California",535606,238100,253600,293800,55700,55700
1400000US06037532700,6037532700,"Census Tract 5327, Los Angeles County, California",532700,172900,231800,294900,122000,122000
1400000US06037541604,6037541604,"Census Tract 5416.04, Los Angeles County, California",541604,240100,243900,295000,54900,54900
1400000US06037119320,6037119320,"Census Tract 1193.20, Los Angeles County, California",119320,273000,276600,295000,22000,22000
1400000US06037531901,6037531901,"Census Tract 5319.01, Los Angeles County, California",531901,345000,287600,295100,-49900,-49900
1400000US06037533804,6037533804,"Census Tract 5338.04, Los Angeles County, California",533804,277700,263200,295400,17700,17700
1400000US06037240900,6037240900,"Census Tract 2409, Los Angeles County, California",240900,244400,249400,295500,51100,51100
1400000US06037404504,6037404504,"Census Tract 4045.04, Los Angeles County, California",404504,268300,286500,295600,27300,27300
1400000US06037294900,6037294900,"Census Tract 2949, Los Angeles County, California",294900,330600,319100,295600,-35000,-35000
1400000US06037104204,6037104204,"Census Tract 1042.04, Los Angeles County, California",104204,266000,271500,295800,29800,29800
1400000US06037241120,6037241120,"Census Tract 2411.20, Los Angeles County, California",241120,278200,252000,295800,17600,17600
1400000US06037600201,6037600201,"Census Tract 6002.01, Los Angeles County, California",600201,323100,294100,296200,-26900,-26900
1400000US06037204200,6037204200,"Census Tract 2042, Los Angeles County, California",204200,255900,261600,296400,40500,40500
1400000US06037402502,6037402502,"Census Tract 4025.02, Los Angeles County, California",402502,253900,230000,296600,42700,42700
1400000US06037113321,6037113321,"Census Tract 1133.21, Los Angeles County, California",113321,297500,240200,296600,-900,-900
1400000US06037203500,6037203500,"Census Tract 2035, Los Angeles County, California",203500,389500,334700,296600,-92900,-92900
1400000US06037600400,6037600400,"Census Tract 6004, Los Angeles County, California",600400,336100,311000,296900,-39200,-39200
1400000US06037530301,6037530301,"Census Tract 5303.01, Los Angeles County, California",530301,322600,284900,297000,-25600,-25600
1400000US06037533902,6037533902,"Census Tract 5339.02, Los Angeles County, California",533902,309200,278700,297400,-11800,-11800
1400000US06037402706,6037402706,"Census Tract 4027.06, Los Angeles County, California",402706,254000,249900,297800,43800,43800
1400000US06037226420,6037226420,"Census Tract 2264.20, Los Angeles County, California",226420,295500,269000,297800,2300,2300
1400000US06037241400,6037241400,"Census Tract 2414, Los Angeles County, California",241400,297800,277900,297800,0,0
1400000US06037241300,6037241300,"Census Tract 2413, Los Angeles County, California",241300,327200,275400,298100,-29100,-29100
1400000US06037600304,6037600304,"Census Tract 6003.04, Los Angeles County, California",600304,393100,301300,298400,-94700,-94700
1400000US06037553602,6037553602,"Census Tract 5536.02, Los Angeles County, California",553602,283600,273900,298800,15200,15200
1400000US06037235201,6037235201,"Census Tract 2352.01, Los Angeles County, California",235201,301600,282700,298900,-2700,-2700
1400000US06037234501,6037234501,"Census Tract 2345.01, Los Angeles County, California",234501,277000,274300,299100,22100,22100
1400000US06037535501,6037535501,"Census Tract 5355.01, Los Angeles County, California",535501,294200,249100,299300,5100,5100
1400000US06037203710,6037203710,"Census Tract 2037.10, Los Angeles County, California",203710,404300,304000,299300,-105000,-105000
1400000US06037540102,6037540102,"Census Tract 5401.02, Los Angeles County, California",540102,285200,267900,300000,14800,14800
1400000US06037227020,6037227020,"Census Tract 2270.20, Los Angeles County, California",227020,309500,287500,300000,-9500,-9500
1400000US06037531101,6037531101,"Census Tract 5311.01, Los Angeles County, California",531101,322900,281500,300000,-22900,-22900
1400000US06037221220,6037221220,"Census Tract 2212.20, Los Angeles County, California",221220,440400,275800,300000,-140400,-140400
1400000US06037241002,6037241002,"Census Tract 2410.02, Los Angeles County, California",241002,306400,246400,300300,-6100,-6100
1400000US06037532500,6037532500,"Census Tract 5325, Los Angeles County, California",532500,218800,244700,300700,81900,81900
1400000US06037601211,6037601211,"Census Tract 6012.11, Los Angeles County, California",601211,227000,213200,300800,73800,73800
1400000US06037541300,6037541300,"Census Tract 5413, Los Angeles County, California",541300,259300,237400,301200,41900,41900
1400000US06037535607,6037535607,"Census Tract 5356.07, Los Angeles County, California",535607,279200,286100,301500,22300,22300
1400000US06037570303,6037570303,"Census Tract 5703.03, Los Angeles County, California",570303,242300,250800,301800,59500,59500
1400000US06037231500,6037231500,"Census Tract 2315, Los Angeles County, California",231500,281600,274300,301900,20300,20300
1400000US06037541100,6037541100,"Census Tract 5411, Los Angeles County, California",541100,252900,241400,302000,49100,49100
1400000US06037232120,6037232120,"Census Tract 2321.20, Los Angeles County, California",232120,240500,283300,302100,61600,61600
1400000US06037530801,6037530801,"Census Tract 5308.01, Los Angeles County, California",530801,269700,271200,302200,32500,32500
1400000US06037503104,6037503104,"Census Tract 5031.04, Los Angeles County, California",503104,328200,287700,302300,-25900,-25900
1400000US06037224600,6037224600,"Census Tract 2246, Los Angeles County, California",224600,345800,290300,302700,-43100,-43100
1400000US06037552601,6037552601,"Census Tract 5526.01, Los Angeles County, California",552601,263200,255300,302800,39600,39600
1400000US06037228410,6037228410,"Census Tract 2284.10, Los Angeles County, California",228410,311500,283800,302800,-8700,-8700
1400000US06037541605,6037541605,"Census Tract 5416.05, Los Angeles County, California",541605,238500,210700,303200,64700,64700
1400000US06037533806,6037533806,"Census Tract 5338.06, Los Angeles County, California",533806,197300,225800,303300,106000,106000
1400000US06037570403,6037570403,"Census Tract 5704.03, Los Angeles County, California",570403,231500,229200,303300,71800,71800
1400000US06037104403,6037104403,"Census Tract 1044.03, Los Angeles County, California",104403,258400,259000,303400,45000,45000
1400000US06037205120,6037205120,"Census Tract 2051.20, Los Angeles County, California",205120,405000,229800,304700,-100300,-100300
1400000US06037571701,6037571701,"Census Tract 5717.01, Los Angeles County, California",571701,322400,294000,304900,-17500,-17500
1400000US06037228800,6037228800,"Census Tract 2288, Los Angeles County, California",228800,240200,268400,305000,64800,64800
1400000US06037226410,6037226410,"Census Tract 2264.10, Los Angeles County, California",226410,338700,235900,305000,-33700,-33700
1400000US06037104620,6037104620,"Census Tract 1046.20, Los Angeles County, California",104620,249500,248400,305100,55600,55600
1400000US06037531503,6037531503,"Census Tract 5315.03, Los Angeles County, California",531503,280900,282900,305400,24500,24500
1400000US06037576301,6037576301,"Census Tract 5763.01, Los Angeles County, California",576301,291500,300700,305900,14400,14400
1400000US06037402303,6037402303,"Census Tract 4023.03, Los Angeles County, California",402303,278400,279100,306500,28100,28100
1400000US06037552002,6037552002,"Census Tract 5520.02, Los Angeles County, California",552002,302300,272800,306600,4300,4300
1400000US06037237102,6037237102,"Census Tract 2371.02, Los Angeles County, California",237102,270000,243400,306800,36800,36800
1400000US06037402101,6037402101,"Census Tract 4021.01, Los Angeles County, California",402101,264400,254800,307300,42900,42900
1400000US06037204110,6037204110,"Census Tract 2041.10, Los Angeles County, California",204110,310100,248600,307300,-2800,-2800
1400000US06037402703,6037402703,"Census Tract 4027.03, Los Angeles County, California",402703,252500,257400,307400,54900,54900
1400000US06037232500,6037232500,"Census Tract 2325, Los Angeles County, California",232500,273000,287700,307500,34500,34500
1400000US06037533202,6037533202,"Census Tract 5332.02, Los Angeles County, California",533202,345500,286700,307500,-38000,-38000
1400000US06037402903,6037402903,"Census Tract 4029.03, Los Angeles County, California",402903,245500,247000,308500,63000,63000
1400000US06037554801,6037554801,"Census Tract 5548.01, Los Angeles County, California",554801,352100,284800,308700,-43400,-43400
1400000US06037404100,6037404100,"Census Tract 4041, Los Angeles County, California",404100,323300,281800,308800,-14500,-14500
1400000US06037402904,6037402904,"Census Tract 4029.04, Los Angeles County, California",402904,240500,228200,308900,68400,68400
1400000US06037232400,6037232400,"Census Tract 2324, Los Angeles County, California",232400,265500,270600,309200,43700,43700
1400000US06037531701,6037531701,"Census Tract 5317.01, Los Angeles County, California",531701,290400,262800,309200,18800,18800
1400000US06037237710,6037237710,"Census Tract 2377.10, Los Angeles County, California",237710,276500,223000,309400,32900,32900
1400000US06037540203,6037540203,"Census Tract 5402.03, Los Angeles County, California",540203,273400,262000,309500,36100,36100
1400000US06037120020,6037120020,"Census Tract 1200.20, Los Angeles County, California",120020,350000,321100,309500,-40500,-40500
1400000US06037533403,6037533403,"Census Tract 5334.03, Los Angeles County, California",533403,260700,268900,309600,48900,48900
1400000US06037533001,6037533001,"Census Tract 5330.01, Los Angeles County, California",533001,240200,215400,310100,69900,69900
1400000US06037131701,6037131701,"Census Tract 1317.01, Los Angeles County, California",131701,298100,277200,310100,12000,12000
1400000US06037554301,6037554301,"Census Tract 5543.01, Los Angeles County, California",554301,352900,282200,310400,-42500,-42500
1400000US06037603005,6037603005,"Census Tract 6030.05, Los Angeles County, California",603005,239900,239100,310800,70900,70900
1400000US06037121101,6037121101,"Census Tract 1211.01, Los Angeles County, California",121101,321500,281500,310800,-10700,-10700
1400000US06037404503,6037404503,"Census Tract 4045.03, Los Angeles County, California",404503,285800,294100,311100,25300,25300
1400000US06037408140,6037408140,"Census Tract 4081.40, Los Angeles County, California",408140,305900,271900,311100,5200,5200
1400000US06037231600,6037231600,"Census Tract 2316, Los Angeles County, California",231600,337300,289600,311100,-26200,-26200
1400000US06037237101,6037237101,"Census Tract 2371.01, Los Angeles County, California",237101,294400,253900,311200,16800,16800
1400000US06037226700,6037226700,"Census Tract 2267, Los Angeles County, California",226700,298900,304400,311200,12300,12300
1400000US06037229420,6037229420,"Census Tract 2294.20, Los Angeles County, California",229420,343600,326700,311300,-32300,-32300
1400000US06037541700,6037541700,"Census Tract 5417, Los Angeles County, California",541700,296800,275700,311400,14600,14600
1400000US06037203200,6037203200,"Census Tract 2032, Los Angeles County, California",203200,343800,275700,311900,-31900,-31900
1400000US06037531102,6037531102,"Census Tract 5311.02, Los Angeles County, California",531102,313700,244700,312100,-1600,-1600
1400000US06037530901,6037530901,"Census Tract 5309.01, Los Angeles County, California",530901,316900,307100,312400,-4500,-4500
1400000US06037104701,6037104701,"Census Tract 1047.01, Los Angeles County, California",104701,282900,312100,312500,29600,29600
1400000US06037535803,6037535803,"Census Tract 5358.03, Los Angeles County, California",535803,351700,315700,312500,-39200,-39200
1400000US06037237500,6037237500,"Census Tract 2375, Los Angeles County, California",237500,264400,281000,312700,48300,48300
1400000US06037294830,6037294830,"Census Tract 2948.30, Los Angeles County, California",294830,319300,287300,313000,-6300,-6300
1400000US06037401704,6037401704,"Census Tract 4017.04, Los Angeles County, California",401704,237900,233800,313100,75200,75200
1400000US06037540000,6037540000,"Census Tract 5400, Los Angeles County, California",540000,318300,313000,313100,-5200,-5200
1400000US06037404803,6037404803,"Census Tract 4048.03, Los Angeles County, California",404803,286700,276900,313200,26500,26500
1400000US06037127604,6037127604,"Census Tract 1276.04, Los Angeles County, California",127604,339300,410600,313300,-26000,-26000
1400000US06037183701,6037183701,"Census Tract 1837.01, Los Angeles County, California",183701,292500,248500,313500,21000,21000
1400000US06037404701,6037404701,"Census Tract 4047.01, Los Angeles County, California",404701,257900,249400,313600,55700,55700
1400000US06037533602,6037533602,"Census Tract 5336.02, Los Angeles County, California",533602,291500,276600,314000,22500,22500
1400000US06037238310,6037238310,"Census Tract 2383.10, Los Angeles County, California",238310,341900,246400,314100,-27800,-27800
1400000US06037134522,6037134522,"Census Tract 1345.22, Los Angeles County, California",134522,280000,265400,314500,34500,34500
1400000US06037139303,6037139303,"Census Tract 1393.03, Los Angeles County, California",139303,262300,283700,314700,52400,52400
1400000US06037573402,6037573402,"Census Tract 5734.02, Los Angeles County, California",573402,376500,321700,314900,-61600,-61600
1400000US06037239502,6037239502,"Census Tract 2395.02, Los Angeles County, California",239502,301100,289300,315000,13900,13900
1400000US06037403802,6037403802,"Census Tract 4038.02, Los Angeles County, California",403802,344300,302000,315100,-29200,-29200
1400000US06037294120,6037294120,"Census Tract 2941.20, Los Angeles County, California",294120,268400,242400,315200,46800,46800
1400000US06037121801,6037121801,"Census Tract 1218.01, Los Angeles County, California",121801,250000,285700,315300,65300,65300
1400000US06037570203,6037570203,"Census Tract 5702.03, Los Angeles County, California",570203,327600,296600,315300,-12300,-12300
1400000US06037239320,6037239320,"Census Tract 2393.20, Los Angeles County, California",239320,262000,238300,315600,53600,53600
1400000US06037536200,6037536200,"Census Tract 5362, Los Angeles County, California",536200,300600,294400,315700,15100,15100
1400000US06037237900,6037237900,"Census Tract 2379, Los Angeles County, California",237900,309600,296100,315800,6200,6200
1400000US06037228210,6037228210,"Census Tract 2282.10, Los Angeles County, California",228210,315000,267400,316300,1300,1300
1400000US06037405002,6037405002,"Census Tract 4050.02, Los Angeles County, California",405002,276700,275000,316400,39700,39700
1400000US06037533805,6037533805,"Census Tract 5338.05, Los Angeles County, California",533805,278000,285400,316400,38400,38400
1400000US06037119341,6037119341,"Census Tract 1193.41, Los Angeles County, California",119341,261600,266700,316700,55100,55100
1400000US06037301204,6037301204,"Census Tract 3012.04, Los Angeles County, California",301204,364700,350000,316700,-48000,-48000
1400000US06037203600,6037203600,"Census Tract 2036, Los Angeles County, California",203600,285500,305200,317000,31500,31500
1400000US06037204920,6037204920,"Census Tract 2049.20, Los Angeles County, California",204920,295200,284000,317000,21800,21800
1400000US06037294421,6037294421,"Census Tract 2944.21, Los Angeles County, California",294421,159700,227500,317100,157400,157400
1400000US06037530902,6037530902,"Census Tract 5309.02, Los Angeles County, California",530902,214300,265500,317600,103300,103300
1400000US06037121221,6037121221,"Census Tract 1212.21, Los Angeles County, California",121221,290800,285600,317800,27000,27000
1400000US06037575201,6037575201,"Census Tract 5752.01, Los Angeles County, California",575201,234900,247100,318000,83100,83100
1400000US06037910811,6037910811,"Census Tract 9108.11, Los Angeles County, California",910811,540500,192500,318200,-222300,-222300
1400000US06037540501,6037540501,"Census Tract 5405.01, Los Angeles County, California",540501,248200,270500,318400,70200,70200
1400000US06037203800,6037203800,"Census Tract 2038, Los Angeles County, California",203800,288100,285300,318500,30400,30400
1400000US06037208710,6037208710,"Census Tract 2087.10, Los Angeles County, California",208710,259300,257100,318800,59500,59500
1400000US06037532002,6037532002,"Census Tract 5320.02, Los Angeles County, California",532002,333300,296700,319200,-14100,-14100
1400000US06037600100,6037600100,"Census Tract 6001, Los Angeles County, California",600100,287200,310500,319400,32200,32200
1400000US06037540202,6037540202,"Census Tract 5402.02, Los Angeles County, California",540202,274100,241500,319500,45400,45400
1400000US06037536000,6037536000,"Census Tract 5360, Los Angeles County, California",536000,286400,312400,319500,33100,33100
1400000US06037229200,6037229200,"Census Tract 2292, Los Angeles County, California",229200,272200,276300,319600,47400,47400
1400000US06037125401,6037125401,"Census Tract 1254.01, Los Angeles County, California",125401,312500,337400,319800,7300,7300
1400000US06037575802,6037575802,"Census Tract 5758.02, Los Angeles County, California",575802,291700,294200,320000,28300,28300
1400000US06037229300,6037229300,"Census Tract 2293, Los Angeles County, California",229300,351300,281100,320000,-31300,-31300
1400000US06037531504,6037531504,"Census Tract 5315.04, Los Angeles County, California",531504,334200,325800,320400,-13800,-13800
1400000US06037121210,6037121210,"Census Tract 1212.10, Los Angeles County, California",121210,291500,287200,320800,29300,29300
1400000US06037603704,6037603704,"Census Tract 6037.04, Los Angeles County, California",603704,341700,324900,320800,-20900,-20900
1400000US06037137103,6037137103,"Census Tract 1371.03, Los Angeles County, California",137103,310100,288800,321100,11000,11000
1400000US06037106406,6037106406,"Census Tract 1064.06, Los Angeles County, California",106406,316800,308100,321100,4300,4300
1400000US06037531602,6037531602,"Census Tract 5316.02, Los Angeles County, California",531602,327800,290300,321200,-6600,-6600
1400000US06037531604,6037531604,"Census Tract 5316.04, Los Angeles County, California",531604,394900,304100,321200,-73700,-73700
1400000US06037534202,6037534202,"Census Tract 5342.02, Los Angeles County, California",534202,252000,264900,321300,69300,69300
1400000US06037231220,6037231220,"Census Tract 2312.20, Los Angeles County, California",231220,266300,241400,321300,55000,55000
1400000US06037571703,6037571703,"Census Tract 5717.03, Los Angeles County, California",571703,314900,311200,321500,6600,6600
1400000US06037294510,6037294510,"Census Tract 2945.10, Los Angeles County, California",294510,343200,321500,321600,-21600,-21600
1400000US06037535605,6037535605,"Census Tract 5356.05, Los Angeles County, California",535605,237500,269800,322000,84500,84500
1400000US06037208610,6037208610,"Census Tract 2086.10, Los Angeles County, California",208610,362800,300800,322100,-40700,-40700
1400000US06037109500,6037109500,"Census Tract 1095, Los Angeles County, California",109500,326200,313300,322500,-3700,-3700
1400000US06037572900,6037572900,"Census Tract 5729, Los Angeles County, California",572900,328800,297700,322600,-6200,-6200
1400000US06037533702,6037533702,"Census Tract 5337.02, Los Angeles County, California",533702,315200,286600,322700,7500,7500
1400000US06037404401,6037404401,"Census Tract 4044.01, Los Angeles County, California",404401,328200,303500,322900,-5300,-5300
1400000US06037139503,6037139503,"Census Tract 1395.03, Los Angeles County, California",139503,314700,248300,323100,8400,8400
1400000US06037204600,6037204600,"Census Tract 2046, Los Angeles County, California",204600,385800,344000,323100,-62700,-62700
1400000US06037106520,6037106520,"Census Tract 1065.20, Los Angeles County, California",106520,278800,269600,323300,44500,44500
1400000US06037533402,6037533402,"Census Tract 5334.02, Los Angeles County, California",533402,281900,284800,323300,41400,41400
1400000US06037234700,6037234700,"Census Tract 2347, Los Angeles County, California",234700,327900,283500,323300,-4600,-4600
1400000US06037920102,6037920102,"Census Tract 9201.02, Los Angeles County, California",920102,332700,276300,323300,-9400,-9400
1400000US06037603004,6037603004,"Census Tract 6030.04, Los Angeles County, California",603004,265500,260700,323400,57900,57900
1400000US06037232700,6037232700,"Census Tract 2327, Los Angeles County, California",232700,281900,269500,323600,41700,41700
1400000US06037535802,6037535802,"Census Tract 5358.02, Los Angeles County, California",535802,295500,294200,323600,28100,28100
1400000US06037433901,6037433901,"Census Tract 4339.01, Los Angeles County, California",433901,341900,323000,324100,-17800,-17800
1400000US06037311802,6037311802,"Census Tract 3118.02, Los Angeles County, California",311802,558800,433300,324300,-234500,-234500
1400000US06037534501,6037534501,"Census Tract 5345.01, Los Angeles County, California",534501,335100,285900,324400,-10700,-10700
1400000US06037237800,6037237800,"Census Tract 2378, Los Angeles County, California",237800,330400,276800,325000,-5400,-5400
1400000US06037405101,6037405101,"Census Tract 4051.01, Los Angeles County, California",405101,312300,269900,325100,12800,12800
1400000US06037531800,6037531800,"Census Tract 5318, Los Angeles County, California",531800,359600,332100,325200,-34400,-34400
1400000US06037296220,6037296220,"Census Tract 2962.20, Los Angeles County, California",296220,274000,295700,325300,51300,51300
1400000US06037238100,6037238100,"Census Tract 2381, Los Angeles County, California",238100,331100,306100,325300,-5800,-5800
1400000US06037540101,6037540101,"Census Tract 5401.01, Los Angeles County, California",540101,335400,291100,325500,-9900,-9900
1400000US06037120300,6037120300,"Census Tract 1203, Los Angeles County, California",120300,291600,293400,325600,34000,34000
1400000US06037600202,6037600202,"Census Tract 6002.02, Los Angeles County, California",600202,325000,282900,325700,700,700
1400000US06037554302,6037554302,"Census Tract 5543.02, Los Angeles County, California",554302,214800,249300,325900,111100,111100
1400000US06037551300,6037551300,"Census Tract 5513, Los Angeles County, California",551300,338400,335800,326000,-12400,-12400
1400000US06037601501,6037601501,"Census Tract 6015.01, Los Angeles County, California",601501,279400,295200,326100,46700,46700
1400000US06037570404,6037570404,"Census Tract 5704.04, Los Angeles County, California",570404,291200,280000,326100,34900,34900
1400000US06037534802,6037534802,"Census Tract 5348.02, Los Angeles County, California",534802,297000,315000,326100,29100,29100
1400000US06037131702,6037131702,"Census Tract 1317.02, Los Angeles County, California",131702,308500,300800,326100,17600,17600
1400000US06037204700,6037204700,"Census Tract 2047, Los Angeles County, California",204700,256400,260000,326200,69800,69800
1400000US06037541802,6037541802,"Census Tract 5418.02, Los Angeles County, California",541802,286800,288200,326200,39400,39400
1400000US06037573300,6037573300,"Census Tract 5733, Los Angeles County, California",573300,359000,327100,326200,-32800,-32800
1400000US06037219020,6037219020,"Census Tract 2190.20, Los Angeles County, California",219020,321700,310300,326300,4600,4600
1400000US06037221820,6037221820,"Census Tract 2218.20, Los Angeles County, California",221820,385300,352800,326300,-59000,-59000
1400000US06037535503,6037535503,"Census Tract 5355.03, Los Angeles County, California",535503,223800,261100,326500,102700,102700
1400000US06037603302,6037603302,"Census Tract 6033.02, Los Angeles County, California",603302,287300,308700,326700,39400,39400
1400000US06037532606,6037532606,"Census Tract 5326.06, Los Angeles County, California",532606,442500,311400,326700,-115800,-115800
1400000US06037430102,6037430102,"Census Tract 4301.02, Los Angeles County, California",430102,292100,290400,326900,34800,34800
1400000US06037530802,6037530802,"Census Tract 5308.02, Los Angeles County, California",530802,283800,275000,327100,43300,43300
1400000US06037231100,6037231100,"Census Tract 2311, Los Angeles County, California",231100,285100,261400,327100,42000,42000
1400000US06037203900,6037203900,"Census Tract 2039, Los Angeles County, California",203900,248200,294000,327300,79100,79100
1400000US06037575101,6037575101,"Census Tract 5751.01, Los Angeles County, California",575101,282500,260300,327300,44800,44800
1400000US06037127102,6037127102,"Census Tract 1271.02, Los Angeles County, California",127102,343300,328500,327300,-16000,-16000
1400000US06037920035,6037920035,"Census Tract 9200.35, Los Angeles County, California",920035,308800,290900,327400,18600,18600
1400000US06037535604,6037535604,"Census Tract 5356.04, Los Angeles County, California",535604,280300,300000,327500,47200,47200
1400000US06037228710,6037228710,"Census Tract 2287.10, Los Angeles County, California",228710,269500,267300,327600,58100,58100
1400000US06037570502,6037570502,"Census Tract 5705.02, Los Angeles County, California",570502,310500,292100,327800,17300,17300
1400000US06037600703,6037600703,"Census Tract 6007.03, Los Angeles County, California",600703,335200,304600,327800,-7400,-7400
1400000US06037404201,6037404201,"Census Tract 4042.01, Los Angeles County, California",404201,298700,271300,327900,29200,29200
1400000US06037242600,6037242600,"Census Tract 2426, Los Angeles County, California",242600,285900,330900,328000,42100,42100
1400000US06037531201,6037531201,"Census Tract 5312.01, Los Angeles County, California",531201,317000,304700,328000,11000,11000
1400000US06037117510,6037117510,"Census Tract 1175.10, Los Angeles County, California",117510,221300,237500,328300,107000,107000
1400000US06037535502,6037535502,"Census Tract 5355.02, Los Angeles County, California",535502,288800,288800,328300,39500,39500
1400000US06037600302,6037600302,"Census Tract 6003.02, Los Angeles County, California",600302,300000,303200,328400,28400,28400
1400000US06037530601,6037530601,"Census Tract 5306.01, Los Angeles County, California",530601,283300,276400,328600,45300,45300
1400000US06037570501,6037570501,"Census Tract 5705.01, Los Angeles County, California",570501,291900,289400,328600,36700,36700
1400000US06037101210,6037101210,"Census Tract 1012.10, Los Angeles County, California",101210,298200,299000,328600,30400,30400
1400000US06037552400,6037552400,"Census Tract 5524, Los Angeles County, California",552400,308900,298800,329100,20200,20200
1400000US06037228320,6037228320,"Census Tract 2283.20, Los Angeles County, California",228320,281700,321400,329500,47800,47800
1400000US06037236100,6037236100,"Census Tract 2361, Los Angeles County, California",236100,372900,336800,329600,-43300,-43300
1400000US06037404702,6037404702,"Census Tract 4047.02, Los Angeles County, California",404702,281400,277100,329700,48300,48300
1400000US06037570402,6037570402,"Census Tract 5704.02, Los Angeles County, California",570402,291400,300700,329900,38500,38500
1400000US06037104810,6037104810,"Census Tract 1048.10, Los Angeles County, California",104810,287600,292900,330000,42400,42400
1400000US06037601402,6037601402,"Census Tract 6014.02, Los Angeles County, California",601402,324700,301200,330100,5400,5400
1400000US06037534002,6037534002,"Census Tract 5340.02, Los Angeles County, California",534002,265300,250000,330300,65000,65000
1400000US06037533503,6037533503,"Census Tract 5335.03, Los Angeles County, California",533503,293400,270500,330400,37000,37000
1400000US06037407302,6037407302,"Census Tract 4073.02, Los Angeles County, California",407302,280800,279200,330600,49800,49800
1400000US06037602004,6037602004,"Census Tract 6020.04, Los Angeles County, California",602004,324700,295200,330600,5900,5900
1400000US06037601700,6037601700,"Census Tract 6017, Los Angeles County, California",601700,350800,338700,330600,-20200,-20200
1400000US06037555211,6037555211,"Census Tract 5552.11, Los Angeles County, California",555211,248800,277500,331100,82300,82300
1400000US06037534102,6037534102,"Census Tract 5341.02, Los Angeles County, California",534102,280600,304100,331100,50500,50500
1400000US06037533501,6037533501,"Census Tract 5335.01, Los Angeles County, California",533501,265000,305200,331300,66300,66300
1400000US06037320300,6037320300,"Census Tract 3203, Los Angeles County, California",320300,314200,274500,331400,17200,17200
1400000US06037530700,6037530700,"Census Tract 5307, Los Angeles County, California",530700,316900,283800,331400,14500,14500
1400000US06037302003,6037302003,"Census Tract 3020.03, Los Angeles County, California",302003,355900,333100,331700,-24200,-24200
1400000US06037532302,6037532302,"Census Tract 5323.02, Los Angeles County, California",532302,328900,296300,332000,3100,3100
1400000US06037600602,6037600602,"Census Tract 6006.02, Los Angeles County, California",600602,387500,295800,332100,-55400,-55400
1400000US06037104404,6037104404,"Census Tract 1044.04, Los Angeles County, California",104404,331900,297800,332200,300,300
1400000US06037120010,6037120010,"Census Tract 1200.10, Los Angeles County, California",120010,279400,282800,332500,53100,53100
1400000US06037553601,6037553601,"Census Tract 5536.01, Los Angeles County, California",553601,277000,300700,332600,55600,55600
1400000US06037601802,6037601802,"Census Tract 6018.02, Los Angeles County, California",601802,317300,306900,332600,15300,15300
1400000US06037234901,6037234901,"Census Tract 2349.01, Los Angeles County, California",234901,341500,321300,332600,-8900,-8900
1400000US06037600912,6037600912,"Census Tract 6009.12, Los Angeles County, California",600912,313200,308300,332700,19500,19500
1400000US06037320100,6037320100,"Census Tract 3201, Los Angeles County, California",320100,313000,299900,332800,19800,19800
1400000US06037405202,6037405202,"Census Tract 4052.02, Los Angeles County, California",405202,315100,309900,332800,17700,17700
1400000US06037231800,6037231800,"Census Tract 2318, Los Angeles County, California",231800,282700,297300,333000,50300,50300
1400000US06037201401,6037201401,"Census Tract 2014.01, Los Angeles County, California",201401,304800,305900,333100,28300,28300
1400000US06037104310,6037104310,"Census Tract 1043.10, Los Angeles County, California",104310,307500,289100,333100,25600,25600
1400000US06037533203,6037533203,"Census Tract 5332.03, Los Angeles County, California",533203,360800,325400,333100,-27700,-27700
1400000US06037533603,6037533603,"Census Tract 5336.03, Los Angeles County, California",533603,307300,310400,333200,25900,25900
1400000US06037404703,6037404703,"Census Tract 4047.03, Los Angeles County, California",404703,290000,306500,333300,43300,43300
1400000US06037533107,6037533107,"Census Tract 5331.07, Los Angeles County, California",533107,333000,319700,333300,300,300
1400000US06037120400,6037120400,"Census Tract 1204, Los Angeles County, California",120400,293500,274600,333500,40000,40000
1400000US06037407200,6037407200,"Census Tract 4072, Los Angeles County, California",407200,272600,284600,333600,61000,61000
1400000US06037402600,6037402600,"Census Tract 4026, Los Angeles County, California",402600,325100,316100,333700,8600,8600
1400000US06037407102,6037407102,"Census Tract 4071.02, Los Angeles County, California",407102,307100,289500,333800,26700,26700
1400000US06037302504,6037302504,"Census Tract 3025.04, Los Angeles County, California",302504,384300,337800,333800,-50500,-50500
1400000US06037404903,6037404903,"Census Tract 4049.03, Los Angeles County, California",404903,303400,278900,333900,30500,30500
1400000US06037572700,6037572700,"Census Tract 5727, Los Angeles County, California",572700,340900,316900,333900,-7000,-7000
1400000US06037482304,6037482304,"Census Tract 4823.04, Los Angeles County, California",482304,467900,404500,333900,-134000,-134000
1400000US06037405800,6037405800,"Census Tract 4058, Los Angeles County, California",405800,319400,318200,334000,14600,14600
1400000US06037534803,6037534803,"Census Tract 5348.03, Los Angeles County, California",534803,304300,286400,334200,29900,29900
1400000US06037433306,6037433306,"Census Tract 4333.06, Los Angeles County, California",433306,280200,298300,334300,54100,54100
1400000US06037602507,6037602507,"Census Tract 6025.07, Los Angeles County, California",602507,244000,280700,334400,90400,90400
1400000US06037543601,6037543601,"Census Tract 5436.01, Los Angeles County, California",543601,321400,298800,334800,13400,13400
1400000US06037543501,6037543501,"Census Tract 5435.01, Los Angeles County, California",543501,355100,309000,334800,-20300,-20300
1400000US06037206050,6037206050,"Census Tract 2060.50, Los Angeles County, California",206050,332400,240000,335000,2600,2600
1400000US06037123010,6037123010,"Census Tract 1230.10, Los Angeles County, California",123010,311800,306300,335100,23300,23300
1400000US06037554700,6037554700,"Census Tract 5547, Los Angeles County, California",554700,325500,321600,335100,9600,9600
1400000US06037532303,6037532303,"Census Tract 5323.03, Los Angeles County, California",532303,339400,312800,335200,-4200,-4200
1400000US06037433401,6037433401,"Census Tract 4334.01, Los Angeles County, California",433401,346600,319400,335400,-11200,-11200
1400000US06037920030,6037920030,"Census Tract 9200.30, Los Angeles County, California",920030,350700,331700,335500,-15200,-15200
1400000US06037293202,6037293202,"Census Tract 2932.02, Los Angeles County, California",293202,385600,333600,335600,-50000,-50000
1400000US06037552301,6037552301,"Census Tract 5523.01, Los Angeles County, California",552301,313500,320100,335700,22200,22200
1400000US06037535902,6037535902,"Census Tract 5359.02, Los Angeles County, California",535902,324700,305900,335900,11200,11200
1400000US06037502500,6037502500,"Census Tract 5025, Los Angeles County, California",502500,311000,289400,336400,25400,25400
1400000US06037535701,6037535701,"Census Tract 5357.01, Los Angeles County, California",535701,311000,308600,336500,25500,25500
1400000US06037402702,6037402702,"Census Tract 4027.02, Los Angeles County, California",402702,256300,305200,336600,80300,80300
1400000US06037600303,6037600303,"Census Tract 6003.03, Los Angeles County, California",600303,347500,276800,336800,-10700,-10700
1400000US06037404302,6037404302,"Census Tract 4043.02, Los Angeles County, California",404302,273200,280800,336900,63700,63700
1400000US06037404802,6037404802,"Census Tract 4048.02, Los Angeles County, California",404802,306100,323900,336900,30800,30800
1400000US06037104401,6037104401,"Census Tract 1044.01, Los Angeles County, California",104401,320500,313700,336900,16400,16400
1400000US06037117101,6037117101,"Census Tract 1171.01, Los Angeles County, California",117101,334000,308300,336900,2900,2900
1400000US06037234502,6037234502,"Census Tract 2345.02, Los Angeles County, California",234502,337500,328900,336900,-600,-600
1400000US06037405201,6037405201,"Census Tract 4052.01, Los Angeles County, California",405201,306500,293300,337000,30500,30500
1400000US06037402102,6037402102,"Census Tract 4021.02, Los Angeles County, California",402102,277600,280800,337200,59600,59600
1400000US06037104201,6037104201,"Census Tract 1042.01, Los Angeles County, California",104201,291000,294700,337200,46200,46200
1400000US06037575202,6037575202,"Census Tract 5752.02, Los Angeles County, California",575202,403800,322700,337300,-66500,-66500
1400000US06037552200,6037552200,"Census Tract 5522, Los Angeles County, California",552200,289400,291800,337500,48100,48100
1400000US06037238400,6037238400,"Census Tract 2384, Los Angeles County, California",238400,308300,317600,337500,29200,29200
1400000US06037430002,6037430002,"Census Tract 4300.02, Los Angeles County, California",430002,345900,322800,337500,-8400,-8400
1400000US06037543903,6037543903,"Census Tract 5439.03, Los Angeles County, California",543903,351300,333600,337600,-13700,-13700
1400000US06037576403,6037576403,"Census Tract 5764.03, Los Angeles County, California",576403,337500,366400,338000,500,500
1400000US06037500600,6037500600,"Census Tract 5006, Los Angeles County, California",500600,328900,320400,338200,9300,9300
1400000US06037532603,6037532603,"Census Tract 5326.03, Los Angeles County, California",532603,385500,317200,338200,-47300,-47300
1400000US06037109100,6037109100,"Census Tract 1091, Los Angeles County, California",109100,278400,278000,338500,60100,60100
1400000US06037552100,6037552100,"Census Tract 5521, Los Angeles County, California",552100,323900,314200,338500,14600,14600
1400000US06037920336,6037920336,"Census Tract 9203.36, Los Angeles County, California",920336,342200,336500,338600,-3600,-3600
1400000US06037541801,6037541801,"Census Tract 5418.01, Los Angeles County, California",541801,258800,253400,338700,79900,79900
1400000US06037117408,6037117408,"Census Tract 1174.08, Los Angeles County, California",117408,300600,216700,338700,38100,38100
1400000US06037570202,6037570202,"Census Tract 5702.02, Los Angeles County, California",570202,298800,291600,338900,40100,40100
1400000US06037232200,6037232200,"Census Tract 2322, Los Angeles County, California",232200,302800,281500,338900,36100,36100
1400000US06037531902,6037531902,"Census Tract 5319.02, Los Angeles County, California",531902,278900,282500,339000,60100,60100
1400000US06037408211,6037408211,"Census Tract 4082.11, Los Angeles County, California",408211,341600,308200,339000,-2600,-2600
1400000US06037405001,6037405001,"Census Tract 4050.01, Los Angeles County, California",405001,280600,287600,339100,58500,58500
1400000US06037601801,6037601801,"Census Tract 6018.01, Los Angeles County, California",601801,293000,291300,339100,46100,46100
1400000US06037602003,6037602003,"Census Tract 6020.03, Los Angeles County, California",602003,307900,286600,339100,31200,31200
1400000US06037401603,6037401603,"Census Tract 4016.03, Los Angeles County, California",401603,350700,326300,339200,-11500,-11500
1400000US06037119002,6037119002,"Census Tract 1190.02, Los Angeles County, California",119002,342500,314300,339400,-3100,-3100
1400000US06037550202,6037550202,"Census Tract 5502.02, Los Angeles County, California",550202,320500,321200,339500,19000,19000
1400000US06037434001,6037434001,"Census Tract 4340.01, Los Angeles County, California",434001,289700,312100,339600,49900,49900
1400000US06037119900,6037119900,"Census Tract 1199, Los Angeles County, California",119900,300200,293600,339600,39400,39400
1400000US06037201504,6037201504,"Census Tract 2015.04, Los Angeles County, California",201504,326800,312900,339600,12800,12800
1400000US06037407701,6037407701,"Census Tract 4077.01, Los Angeles County, California",407701,293400,282200,339700,46300,46300
1400000US06037294302,6037294302,"Census Tract 2943.02, Los Angeles County, California",294302,317000,301700,339700,22700,22700
1400000US06037226001,6037226001,"Census Tract 2260.01, Los Angeles County, California",226001,385100,322100,339700,-45400,-45400
1400000US06037551101,6037551101,"Census Tract 5511.01, Los Angeles County, California",551101,347000,316400,339900,-7100,-7100
1400000US06037407101,6037407101,"Census Tract 4071.01, Los Angeles County, California",407101,317500,289300,340700,23200,23200
1400000US06037404301,6037404301,"Census Tract 4043.01, Los Angeles County, California",404301,349500,333700,340800,-8700,-8700
1400000US06037406901,6037406901,"Census Tract 4069.01, Los Angeles County, California",406901,350400,316700,340900,-9500,-9500
1400000US06037407001,6037407001,"Census Tract 4070.01, Los Angeles County, California",407001,307900,300400,341100,33200,33200
1400000US06037602002,6037602002,"Census Tract 6020.02, Los Angeles County, California",602002,354400,345800,341200,-13200,-13200
1400000US06037553300,6037553300,"Census Tract 5533, Los Angeles County, California",553300,303600,322100,341300,37700,37700
1400000US06037531603,6037531603,"Census Tract 5316.03, Los Angeles County, California",531603,284500,276400,341400,56900,56900
1400000US06037294520,6037294520,"Census Tract 2945.20, Los Angeles County, California",294520,317200,305700,341700,24500,24500
1400000US06037238200,6037238200,"Census Tract 2382, Los Angeles County, California",238200,320800,299800,341700,20900,20900
1400000US06037404901,6037404901,"Census Tract 4049.01, Los Angeles County, California",404901,301800,333800,341800,40000,40000
1400000US06037541001,6037541001,"Census Tract 5410.01, Los Angeles County, California",541001,355100,327400,341800,-13300,-13300
1400000US06037532604,6037532604,"Census Tract 5326.04, Los Angeles County, California",532604,289700,280600,341900,52200,52200
1400000US06037107010,6037107010,"Census Tract 1070.10, Los Angeles County, California",107010,325000,318100,342000,17000,17000
1400000US06037534302,6037534302,"Census Tract 5343.02, Los Angeles County, California",534302,262000,280400,342200,80200,80200
1400000US06037572600,6037572600,"Census Tract 5726, Los Angeles County, California",572600,295100,293300,342200,47100,47100
1400000US06037576302,6037576302,"Census Tract 5763.02, Los Angeles County, California",576302,356900,319700,342200,-14700,-14700
1400000US06037119400,6037119400,"Census Tract 1194, Los Angeles County, California",119400,288600,287300,342400,53800,53800
1400000US06037408141,6037408141,"Census Tract 4081.41, Los Angeles County, California",408141,307100,309400,342400,35300,35300
1400000US06037535901,6037535901,"Census Tract 5359.01, Los Angeles County, California",535901,309100,302100,342400,33300,33300
1400000US06037600902,6037600902,"Census Tract 6009.02, Los Angeles County, California",600902,299700,267200,342500,42800,42800
1400000US06037550000,6037550000,"Census Tract 5500, Los Angeles County, California",550000,277100,290800,342600,65500,65500
1400000US06037302002,6037302002,"Census Tract 3020.02, Los Angeles County, California",302002,334100,326700,342700,8600,8600
1400000US06037530602,6037530602,"Census Tract 5306.02, Los Angeles County, California",530602,321900,291200,342900,21000,21000
1400000US06037536104,6037536104,"Census Tract 5361.04, Los Angeles County, California",536104,351400,312000,343000,-8400,-8400
1400000US06037603900,6037603900,"Census Tract 6039, Los Angeles County, California",603900,332500,289300,343100,10600,10600
1400000US06037501001,6037501001,"Census Tract 5010.01, Los Angeles County, California",501001,341200,293300,343100,1900,1900
1400000US06037530302,6037530302,"Census Tract 5303.02, Los Angeles County, California",530302,320700,297200,343200,22500,22500
1400000US06037408004,6037408004,"Census Tract 4080.04, Los Angeles County, California",408004,268000,259200,343500,75500,75500
1400000US06037575102,6037575102,"Census Tract 5751.02, Los Angeles County, California",575102,343200,326800,343500,300,300
1400000US06037291130,6037291130,"Census Tract 2911.30, Los Angeles County, California",291130,370900,312300,343700,-27200,-27200
1400000US06037531702,6037531702,"Census Tract 5317.02, Los Angeles County, California",531702,395900,330500,343800,-52100,-52100
1400000US06037602103,6037602103,"Census Tract 6021.03, Los Angeles County, California",602103,418500,340200,343800,-74700,-74700
1400000US06037433402,6037433402,"Census Tract 4334.02, Los Angeles County, California",433402,401200,358300,343900,-57300,-57300
1400000US06037106403,6037106403,"Census Tract 1064.03, Los Angeles County, California",106403,291200,282200,344000,52800,52800
1400000US06037432802,6037432802,"Census Tract 4328.02, Los Angeles County, California",432802,332200,323800,344000,11800,11800
1400000US06037500900,6037500900,"Census Tract 5009, Los Angeles County, California",500900,345900,339300,344000,-1900,-1900
1400000US06037124204,6037124204,"Census Tract 1242.04, Los Angeles County, California",124204,447600,357400,344000,-103600,-103600
1400000US06037234902,6037234902,"Census Tract 2349.02, Los Angeles County, California",234902,347300,332800,344100,-3200,-3200
1400000US06037228420,6037228420,"Census Tract 2284.20, Los Angeles County, California",228420,255400,306100,344400,89000,89000
1400000US06037123103,6037123103,"Census Tract 1231.03, Los Angeles County, California",123103,336700,320600,344400,7700,7700
1400000US06037502402,6037502402,"Census Tract 5024.02, Los Angeles County, California",502402,337800,323500,344400,6600,6600
1400000US06037407501,6037407501,"Census Tract 4075.01, Los Angeles County, California",407501,294500,321400,344500,50000,50000
1400000US06037551900,6037551900,"Census Tract 5519, Los Angeles County, California",551900,325500,309200,344600,19100,19100
1400000US06037500402,6037500402,"Census Tract 5004.02, Los Angeles County, California",500402,312400,329400,344700,32300,32300
1400000US06037533103,6037533103,"Census Tract 5331.03, Los Angeles County, California",533103,474000,347200,344700,-129300,-129300
1400000US06037297120,6037297120,"Census Tract 2971.20, Los Angeles County, California",297120,297500,309200,344800,47300,47300
1400000US06037120104,6037120104,"Census Tract 1201.04, Los Angeles County, California",120104,339100,338500,344800,5700,5700
1400000US06037555104,6037555104,"Census Tract 5551.04, Los Angeles County, California",555104,342500,328000,344900,2400,2400
1400000US06037134521,6037134521,"Census Tract 1345.21, Los Angeles County, California",134521,398600,353800,344900,-53700,-53700
1400000US06037482522,6037482522,"Census Tract 4825.22, Los Angeles County, California",482522,315000,298700,345200,30200,30200
1400000US06037543702,6037543702,"Census Tract 5437.02, Los Angeles County, California",543702,340100,329200,345200,5100,5100
1400000US06037104821,6037104821,"Census Tract 1048.21, Los Angeles County, California",104821,314300,320100,345700,31400,31400
1400000US06037535603,6037535603,"Census Tract 5356.03, Los Angeles County, California",535603,333600,324100,345800,12200,12200
1400000US06037235202,6037235202,"Census Tract 2352.02, Los Angeles County, California",235202,352900,322700,345800,-7100,-7100
1400000US06037120105,6037120105,"Census Tract 1201.05, Los Angeles County, California",120105,389900,342100,345800,-44100,-44100
1400000US06037401102,6037401102,"Census Tract 4011.02, Los Angeles County, California",401102,383500,341800,346000,-37500,-37500
1400000US06037404902,6037404902,"Census Tract 4049.02, Los Angeles County, California",404902,308400,305500,346400,38000,38000
1400000US06037127210,6037127210,"Census Tract 1272.10, Los Angeles County, California",127210,338700,317800,346400,7700,7700
1400000US06037122200,6037122200,"Census Tract 1222, Los Angeles County, California",122200,294500,315000,346500,52000,52000
1400000US06037222002,6037222002,"Census Tract 2220.02, Los Angeles County, California",222002,276900,279900,346600,69700,69700
1400000US06037554404,6037554404,"Census Tract 5544.04, Los Angeles County, California",554404,382100,289400,346600,-35500,-35500
1400000US06037601502,6037601502,"Census Tract 6015.02, Los Angeles County, California",601502,352300,344300,346700,-5600,-5600
1400000US06037600801,6037600801,"Census Tract 6008.01, Los Angeles County, California",600801,325400,311900,346900,21500,21500
1400000US06037531000,6037531000,"Census Tract 5310, Los Angeles County, California",531000,236500,304200,347100,110600,110600
1400000US06037536103,6037536103,"Census Tract 5361.03, Los Angeles County, California",536103,319300,305000,347200,27900,27900
1400000US06037407601,6037407601,"Census Tract 4076.01, Los Angeles County, California",407601,338000,292000,347200,9200,9200
1400000US06037104203,6037104203,"Census Tract 1042.03, Los Angeles County, California",104203,294800,318400,347900,53100,53100
1400000US06037407301,6037407301,"Census Tract 4073.01, Los Angeles County, California",407301,328900,307200,348000,19100,19100
1400000US06037227010,6037227010,"Census Tract 2270.10, Los Angeles County, California",227010,279100,331100,348100,69000,69000
1400000US06037543400,6037543400,"Census Tract 5434, Los Angeles County, California",543400,340900,315300,348100,7200,7200
1400000US06037106648,6037106648,"Census Tract 1066.48, Los Angeles County, California",106648,316200,326600,348200,32000,32000
1400000US06037104124,6037104124,"Census Tract 1041.24, Los Angeles County, California",104124,332100,317700,348200,16100,16100
1400000US06037530500,6037530500,"Census Tract 5305, Los Angeles County, California",530500,295900,315500,348400,52500,52500
1400000US06037232300,6037232300,"Census Tract 2323, Los Angeles County, California",232300,237900,288000,348500,110600,110600
1400000US06037119202,6037119202,"Census Tract 1192.02, Los Angeles County, California",119202,323400,326900,348600,25200,25200
1400000US06037576402,6037576402,"Census Tract 5764.02, Los Angeles County, California",576402,337900,331000,349000,11100,11100
1400000US06037552800,6037552800,"Census Tract 5528, Los Angeles County, California",552800,327300,315600,349200,21900,21900
1400000US06037297110,6037297110,"Census Tract 2971.10, Los Angeles County, California",297110,345100,360500,349200,4100,4100
1400000US06037104500,6037104500,"Census Tract 1045, Los Angeles County, California",104500,307700,323200,349300,41600,41600
1400000US06037219800,6037219800,"Census Tract 2198, Los Angeles County, California",219800,383600,363500,349300,-34300,-34300
1400000US06037123203,6037123203,"Census Tract 1232.03, Los Angeles County, California",123203,299300,306400,349400,50100,50100
1400000US06037294200,6037294200,"Census Tract 2942, Los Angeles County, California",294200,357500,344200,349700,-7800,-7800
1400000US06037109400,6037109400,"Census Tract 1094, Los Angeles County, California",109400,307300,331900,349900,42600,42600
1400000US06037204410,6037204410,"Census Tract 2044.10, Los Angeles County, California",204410,424000,359100,350000,-74000,-74000
1400000US06037930101,6037930101,"Census Tract 9301.01, Los Angeles County, California",930101,875000,225000,350000,-525000,-525000
1400000US06037294620,6037294620,"Census Tract 2946.20, Los Angeles County, California",294620,317900,335800,350200,32300,32300
1400000US06037573202,6037573202,"Census Tract 5732.02, Los Angeles County, California",573202,312100,323400,350500,38400,38400
1400000US06037544001,6037544001,"Census Tract 5440.01, Los Angeles County, California",544001,331700,314700,350500,18800,18800
1400000US06037531302,6037531302,"Census Tract 5313.02, Los Angeles County, California",531302,314500,325500,350600,36100,36100
1400000US06037123206,6037123206,"Census Tract 1232.06, Los Angeles County, California",123206,316200,311600,350700,34500,34500
1400000US06037201302,6037201302,"Census Tract 2013.02, Los Angeles County, California",201302,357200,327700,350700,-6500,-6500
1400000US06037503105,6037503105,"Census Tract 5031.05, Los Angeles County, California",503105,315900,318300,350800,34900,34900
1400000US06037408630,6037408630,"Census Tract 4086.30, Los Angeles County, California",408630,325400,333100,350800,25400,25400
1400000US06037570602,6037570602,"Census Tract 5706.02, Los Angeles County, California",570602,335200,322500,350800,15600,15600
1400000US06037238000,6037238000,"Census Tract 2380, Los Angeles County, California",238000,292600,307100,351000,58400,58400
1400000US06037183820,6037183820,"Census Tract 1838.20, Los Angeles County, California",183820,300000,314800,351000,51000,51000
1400000US06037570601,6037570601,"Census Tract 5706.01, Los Angeles County, California",570601,313300,293200,351000,37700,37700
1400000US06037107020,6037107020,"Census Tract 1070.20, Los Angeles County, California",107020,307900,304500,351100,43200,43200
1400000US06037294110,6037294110,"Census Tract 2941.10, Los Angeles County, California",294110,321500,319400,351100,29600,29600
1400000US06037404600,6037404600,"Census Tract 4046, Los Angeles County, California",404600,341900,346900,351100,9200,9200
1400000US06037407801,6037407801,"Census Tract 4078.01, Los Angeles County, California",407801,314800,294500,351200,36400,36400
1400000US06037113233,6037113233,"Census Tract 1132.33, Los Angeles County, California",113233,315500,308000,351200,35700,35700
1400000US06037433504,6037433504,"Census Tract 4335.04, Los Angeles County, California",433504,314300,287000,351300,37000,37000
1400000US06037433700,6037433700,"Census Tract 4337, Los Angeles County, California",433700,339200,327200,351500,12300,12300
1400000US06037603101,6037603101,"Census Tract 6031.01, Los Angeles County, California",603101,354400,340200,351500,-2900,-2900
1400000US06037404801,6037404801,"Census Tract 4048.01, Los Angeles County, California",404801,311000,309300,351600,40600,40600
1400000US06037296210,6037296210,"Census Tract 2962.10, Los Angeles County, California",296210,400000,376100,351700,-48300,-48300
1400000US06037407602,6037407602,"Census Tract 4076.02, Los Angeles County, California",407602,297800,291200,351800,54000,54000
1400000US06037402200,6037402200,"Census Tract 4022, Los Angeles County, California",402200,355300,294800,352000,-3300,-3300
1400000US06037550100,6037550100,"Census Tract 5501, Los Angeles County, California",550100,319500,324700,352200,32700,32700
1400000US06037199700,6037199700,"Census Tract 1997, Los Angeles County, California",199700,322000,307100,352700,30700,30700
1400000US06037401703,6037401703,"Census Tract 4017.03, Los Angeles County, California",401703,331600,304000,352800,21200,21200
1400000US06037502401,6037502401,"Census Tract 5024.01, Los Angeles County, California",502401,351100,333300,352800,1700,1700
1400000US06037543701,6037543701,"Census Tract 5437.01, Los Angeles County, California",543701,347600,325900,352900,5300,5300
1400000US06037502302,6037502302,"Census Tract 5023.02, Los Angeles County, California",502302,297300,312000,353100,55800,55800
1400000US06037206032,6037206032,"Census Tract 2060.32, Los Angeles County, California",206032,317600,313300,353100,35500,35500
1400000US06037576401,6037576401,"Census Tract 5764.01, Los Angeles County, California",576401,249000,195400,353300,104300,104300
1400000US06037404402,6037404402,"Census Tract 4044.02, Los Angeles County, California",404402,352600,341300,353300,700,700
1400000US06037602801,6037602801,"Census Tract 6028.01, Los Angeles County, California",602801,241500,243000,353500,112000,112000
1400000US06037120030,6037120030,"Census Tract 1200.30, Los Angeles County, California",120030,334800,332100,353800,19000,19000
1400000US06037500800,6037500800,"Census Tract 5008, Los Angeles County, California",500800,348400,333300,353900,5500,5500
1400000US06037302004,6037302004,"Census Tract 3020.04, Los Angeles County, California",302004,425300,383000,354000,-71300,-71300
1400000US06037576601,6037576601,"Census Tract 5766.01, Los Angeles County, California",576601,387800,372200,354100,-33700,-33700
1400000US06037433902,6037433902,"Census Tract 4339.02, Los Angeles County, California",433902,331700,330900,354200,22500,22500
1400000US06037530204,6037530204,"Census Tract 5302.04, Los Angeles County, California",530204,353300,336100,354200,900,900
1400000US06037119201,6037119201,"Census Tract 1192.01, Los Angeles County, California",119201,290000,297100,354400,64400,64400
1400000US06037199201,6037199201,"Census Tract 1992.01, Los Angeles County, California",199201,300000,326600,354500,54500,54500
1400000US06037408137,6037408137,"Census Tract 4081.37, Los Angeles County, California",408137,338500,329100,354500,16000,16000
1400000US06037320202,6037320202,"Census Tract 3202.02, Los Angeles County, California",320202,279200,305500,354600,75400,75400
1400000US06037534101,6037534101,"Census Tract 5341.01, Los Angeles County, California",534101,268800,285200,354700,85900,85900
1400000US06037294301,6037294301,"Census Tract 2943.01, Los Angeles County, California",294301,342000,334900,354800,12800,12800
1400000US06037504101,6037504101,"Census Tract 5041.01, Los Angeles County, California",504101,350200,330300,354900,4700,4700
1400000US06037502100,6037502100,"Census Tract 5021, Los Angeles County, California",502100,317200,318900,355000,37800,37800
1400000US06037128302,6037128302,"Census Tract 1283.02, Los Angeles County, California",128302,323100,344600,355200,32100,32100
1400000US06037570204,6037570204,"Census Tract 5702.04, Los Angeles County, California",570204,311300,307800,355500,44200,44200
1400000US06037123301,6037123301,"Census Tract 1233.01, Los Angeles County, California",123301,330800,333600,355600,24800,24800
1400000US06037553000,6037553000,"Census Tract 5530, Los Angeles County, California",553000,346200,338500,355600,9400,9400
1400000US06037502601,6037502601,"Census Tract 5026.01, Los Angeles County, California",502601,352600,327500,355900,3300,3300
1400000US06037433305,6037433305,"Census Tract 4333.05, Los Angeles County, California",433305,326000,351900,356000,30000,30000
1400000US06037502004,6037502004,"Census Tract 5020.04, Los Angeles County, California",502004,340000,329000,356200,16200,16200
1400000US06037535702,6037535702,"Census Tract 5357.02, Los Angeles County, California",535702,356300,343900,356700,400,400
1400000US06037430101,6037430101,"Census Tract 4301.01, Los Angeles County, California",430101,346500,333900,356800,10300,10300
1400000US06037602802,6037602802,"Census Tract 6028.02, Los Angeles County, California",602802,366800,329700,356800,-10000,-10000
1400000US06037199110,6037199110,"Census Tract 1991.10, Los Angeles County, California",199110,328500,304600,356900,28400,28400
1400000US06037502301,6037502301,"Census Tract 5023.01, Los Angeles County, California",502301,341000,340200,357100,16100,16100
1400000US06037572302,6037572302,"Census Tract 5723.02, Los Angeles County, California",572302,327500,309900,357300,29800,29800
1400000US06037226002,6037226002,"Census Tract 2260.02, Los Angeles County, California",226002,274300,325900,357400,83100,83100
1400000US06037121802,6037121802,"Census Tract 1218.02, Los Angeles County, California",121802,320600,312600,357400,36800,36800
1400000US06037404000,6037404000,"Census Tract 4040, Los Angeles County, California",404000,336000,328700,357400,21400,21400
1400000US06037123020,6037123020,"Census Tract 1230.20, Los Angeles County, California",123020,336700,317100,357400,20700,20700
1400000US06037231400,6037231400,"Census Tract 2314, Los Angeles County, California",231400,361900,298600,357400,-4500,-4500
1400000US06037433307,6037433307,"Census Tract 4333.07, Los Angeles County, California",433307,337800,336400,357500,19700,19700
1400000US06037534502,6037534502,"Census Tract 5345.02, Los Angeles County, California",534502,298400,300800,357700,59300,59300
1400000US06037109603,6037109603,"Census Tract 1096.03, Los Angeles County, California",109603,341900,326300,357700,15800,15800
1400000US06037533201,6037533201,"Census Tract 5332.01, Los Angeles County, California",533201,272100,304800,358200,86100,86100
1400000US06037212204,6037212204,"Census Tract 2122.04, Los Angeles County, California",212204,266700,295500,358300,91600,91600
1400000US06037553801,6037553801,"Census Tract 5538.01, Los Angeles County, California",553801,274300,293600,358300,84000,84000
1400000US06037544002,6037544002,"Census Tract 5440.02, Los Angeles County, California",544002,352600,342700,358300,5700,5700
1400000US06037433801,6037433801,"Census Tract 4338.01, Los Angeles County, California",433801,355700,332000,358400,2700,2700
1400000US06037600911,6037600911,"Census Tract 6009.11, Los Angeles County, California",600911,380800,365400,358400,-22400,-22400
1400000US06037533803,6037533803,"Census Tract 5338.03, Los Angeles County, California",533803,322500,329900,358600,36100,36100
1400000US06037408301,6037408301,"Census Tract 4083.01, Los Angeles County, California",408301,327400,333700,358700,31300,31300
1400000US06037552001,6037552001,"Census Tract 5520.01, Los Angeles County, California",552001,312200,316100,358900,46700,46700
1400000US06037572002,6037572002,"Census Tract 5720.02, Los Angeles County, California",572002,332500,340800,358900,26400,26400
1400000US06037407900,6037407900,"Census Tract 4079, Los Angeles County, California",407900,339400,331400,358900,19500,19500
1400000US06037407702,6037407702,"Census Tract 4077.02, Los Angeles County, California",407702,308700,321000,359100,50400,50400
1400000US06037201602,6037201602,"Census Tract 2016.02, Los Angeles County, California",201602,334700,336100,359100,24400,24400
1400000US06037201110,6037201110,"Census Tract 2011.10, Los Angeles County, California",201110,350600,329500,359100,8500,8500
1400000US06037552700,6037552700,"Census Tract 5527, Los Angeles County, California",552700,321400,322500,359500,38100,38100
1400000US06037433802,6037433802,"Census Tract 4338.02, Los Angeles County, California",433802,346100,334500,359500,13400,13400
1400000US06037500403,6037500403,"Census Tract 5004.03, Los Angeles County, California",500403,347600,339100,359600,12000,12000
1400000US06037294810,6037294810,"Census Tract 2948.10, Los Angeles County, California",294810,356600,327500,359600,3000,3000
1400000US06037601202,6037601202,"Census Tract 6012.02, Los Angeles County, California",601202,321300,296200,359700,38400,38400
1400000US06037404202,6037404202,"Census Tract 4042.02, Los Angeles County, California",404202,318400,308400,359900,41500,41500
1400000US06037554104,6037554104,"Census Tract 5541.04, Los Angeles County, California",554104,370200,402500,360000,-10200,-10200
1400000US06037530101,6037530101,"Census Tract 5301.01, Los Angeles County, California",530101,395900,338500,360000,-35900,-35900
1400000US06037221602,6037221602,"Census Tract 2216.02, Los Angeles County, California",221602,436600,363600,360000,-76600,-76600
1400000US06037433304,6037433304,"Census Tract 4333.04, Los Angeles County, California",433304,317400,327800,360400,43000,43000
1400000US06037501804,6037501804,"Census Tract 5018.04, Los Angeles County, California",501804,321900,293200,360500,38600,38600
1400000US06037405900,6037405900,"Census Tract 4059, Los Angeles County, California",405900,359300,335700,360500,1200,1200
1400000US06037554600,6037554600,"Census Tract 5546, Los Angeles County, California",554600,335600,336800,360600,25000,25000
1400000US06037120106,6037120106,"Census Tract 1201.06, Los Angeles County, California",120106,401900,418300,361000,-40900,-40900
1400000US06037119800,6037119800,"Census Tract 1198, Los Angeles County, California",119800,305300,322800,361100,55800,55800
1400000US06037554201,6037554201,"Census Tract 5542.01, Los Angeles County, California",554201,367000,329600,361300,-5700,-5700
1400000US06037503202,6037503202,"Census Tract 5032.02, Los Angeles County, California",503202,348400,343500,361600,13200,13200
1400000US06037219902,6037219902,"Census Tract 2199.02, Los Angeles County, California",219902,358500,300000,361600,3100,3100
1400000US06037219700,6037219700,"Census Tract 2197, Los Angeles County, California",219700,362400,347500,361700,-700,-700
1400000US06037122410,6037122410,"Census Tract 1224.10, Los Angeles County, California",122410,185200,189000,361800,176600,176600
1400000US06037434004,6037434004,"Census Tract 4340.04, Los Angeles County, California",434004,347800,329300,361900,14100,14100
1400000US06037502200,6037502200,"Census Tract 5022, Los Angeles County, California",502200,336900,338800,362100,25200,25200
1400000US06037405400,6037405400,"Census Tract 4054, Los Angeles County, California",405400,345900,328600,362100,16200,16200
1400000US06037533401,6037533401,"Census Tract 5334.01, Los Angeles County, California",533401,291400,289000,362600,71200,71200
1400000US06037407502,6037407502,"Census Tract 4075.02, Los Angeles County, California",407502,367500,356100,362600,-4900,-4900
1400000US06037572100,6037572100,"Census Tract 5721, Los Angeles County, California",572100,363200,363900,362700,-500,-500
1400000US06037532200,6037532200,"Census Tract 5322, Los Angeles County, California",532200,374100,361000,362800,-11300,-11300
1400000US06037503000,6037503000,"Census Tract 5030, Los Angeles County, California",503000,292900,315100,362900,70000,70000
1400000US06037407002,6037407002,"Census Tract 4070.02, Los Angeles County, California",407002,314800,294200,362900,48100,48100
1400000US06037502700,6037502700,"Census Tract 5027, Los Angeles County, California",502700,325000,335000,362900,37900,37900
1400000US06037221500,6037221500,"Census Tract 2215, Los Angeles County, California",221500,489300,417800,362900,-126400,-126400
1400000US06037408003,6037408003,"Census Tract 4080.03, Los Angeles County, California",408003,360900,350100,363300,2400,2400
1400000US06037219010,6037219010,"Census Tract 2190.10, Los Angeles County, California",219010,312100,351100,363500,51400,51400
1400000US06037920042,6037920042,"Census Tract 9200.42, Los Angeles County, California",920042,330500,302800,364000,33500,33500
1400000US06037121010,6037121010,"Census Tract 1210.10, Los Angeles County, California",121010,339500,340300,364100,24600,24600
1400000US06037573003,6037573003,"Census Tract 5730.03, Los Angeles County, California",573003,360500,338500,364200,3700,3700
1400000US06037405701,6037405701,"Census Tract 4057.01, Los Angeles County, California",405701,334800,330800,364300,29500,29500
1400000US06037501400,6037501400,"Census Tract 5014, Los Angeles County, California",501400,377300,357500,364300,-13000,-13000
1400000US06037535804,6037535804,"Census Tract 5358.04, Los Angeles County, California",535804,319300,304000,364400,45100,45100
1400000US06037432700,6037432700,"Census Tract 4327, Los Angeles County, California",432700,355200,346900,364600,9400,9400
1400000US06037297201,6037297201,"Census Tract 2972.01, Los Angeles County, California",297201,375400,355700,364600,-10800,-10800
1400000US06037310703,6037310703,"Census Tract 3107.03, Los Angeles County, California",310703,388200,346300,364600,-23600,-23600
1400000US06037601600,6037601600,"Census Tract 6016, Los Angeles County, California",601600,267700,273400,364700,97000,97000
1400000US06037920036,6037920036,"Census Tract 9200.36, Los Angeles County, California",920036,342800,347900,364800,22000,22000
1400000US06037400603,6037400603,"Census Tract 4006.03, Los Angeles County, California",400603,311500,300000,365000,53500,53500
1400000US06037602105,6037602105,"Census Tract 6021.05, Los Angeles County, California",602105,314700,318800,365000,50300,50300
1400000US06037104822,6037104822,"Census Tract 1048.22, Los Angeles County, California",104822,277000,299300,365100,88100,88100
1400000US06037122120,6037122120,"Census Tract 1221.20, Los Angeles County, California",122120,323800,317600,365100,41300,41300
1400000US06037502003,6037502003,"Census Tract 5020.03, Los Angeles County, California",502003,352200,342400,365100,12900,12900
1400000US06037204420,6037204420,"Census Tract 2044.20, Los Angeles County, California",204420,487500,392900,365300,-122200,-122200
1400000US06037553400,6037553400,"Census Tract 5534, Los Angeles County, California",553400,327100,323200,365400,38300,38300
1400000US06037109604,6037109604,"Census Tract 1096.04, Los Angeles County, California",109604,339900,335400,365500,25600,25600
1400000US06037552900,6037552900,"Census Tract 5529, Los Angeles County, California",552900,330500,326200,365600,35100,35100
1400000US06037431200,6037431200,"Census Tract 4312, Los Angeles County, California",431200,358300,352100,365600,7300,7300
1400000US06037534700,6037534700,"Census Tract 5347, Los Angeles County, California",534700,307200,299600,365700,58500,58500
1400000US06037502005,6037502005,"Census Tract 5020.05, Los Angeles County, California",502005,349500,340400,365800,16300,16300
1400000US06037204120,6037204120,"Census Tract 2041.20, Los Angeles County, California",204120,361500,325000,365800,4300,4300
1400000US06037122122,6037122122,"Census Tract 1221.22, Los Angeles County, California",122122,308000,287500,366000,58000,58000
1400000US06037197200,6037197200,"Census Tract 1972, Los Angeles County, California",197200,356800,356200,366200,9400,9400
1400000US06037550201,6037550201,"Census Tract 5502.01, Los Angeles County, California",550201,308400,327800,366500,58100,58100
1400000US06037407802,6037407802,"Census Tract 4078.02, Los Angeles County, California",407802,335000,326400,366600,31600,31600
1400000US06037406902,6037406902,"Census Tract 4069.02, Los Angeles County, California",406902,341800,324100,366900,25100,25100
1400000US06037532001,6037532001,"Census Tract 5320.01, Los Angeles County, California",532001,345200,346300,367100,21900,21900
1400000US06037552302,6037552302,"Census Tract 5523.02, Los Angeles County, California",552302,351700,325100,367200,15500,15500
1400000US06037132300,6037132300,"Census Tract 1323, Los Angeles County, California",132300,321600,342100,367300,45700,45700
1400000US06037405203,6037405203,"Census Tract 4052.03, Los Angeles County, California",405203,292100,318600,367400,75300,75300
1400000US06037119001,6037119001,"Census Tract 1190.01, Los Angeles County, California",119001,322500,325800,367400,44900,44900
1400000US06037296600,6037296600,"Census Tract 2966, Los Angeles County, California",296600,404700,378500,367400,-37300,-37300
1400000US06037501002,6037501002,"Census Tract 5010.02, Los Angeles County, California",501002,348700,342000,367600,18900,18900
1400000US06037124105,6037124105,"Census Tract 1241.05, Los Angeles County, California",124105,348800,351400,367800,19000,19000
1400000US06037134710,6037134710,"Census Tract 1347.10, Los Angeles County, California",134710,354500,344800,367900,13400,13400
1400000US06037553901,6037553901,"Census Tract 5539.01, Los Angeles County, California",553901,328900,313100,368000,39100,39100
1400000US06037201503,6037201503,"Census Tract 2015.03, Los Angeles County, California",201503,323900,285800,368400,44500,44500
1400000US06037133000,6037133000,"Census Tract 1330, Los Angeles County, California",133000,321400,315000,368500,47100,47100
1400000US06037296902,6037296902,"Census Tract 2969.02, Los Angeles County, California",296902,421900,350000,368600,-53300,-53300
1400000US06037402002,6037402002,"Census Tract 4020.02, Los Angeles County, California",402002,401200,356400,368800,-32400,-32400
1400000US06037500404,6037500404,"Census Tract 5004.04, Los Angeles County, California",500404,371800,354800,369100,-2700,-2700
1400000US06037121020,6037121020,"Census Tract 1210.20, Los Angeles County, California",121020,394100,373200,369200,-24900,-24900
1400000US06037533703,6037533703,"Census Tract 5337.03, Los Angeles County, California",533703,267900,318900,369400,101500,101500
1400000US06037219901,6037219901,"Census Tract 2199.01, Los Angeles County, California",219901,295000,322900,369400,74400,74400
1400000US06037503106,6037503106,"Census Tract 5031.06, Los Angeles County, California",503106,336100,334400,369500,33400,33400
1400000US06037543306,6037543306,"Census Tract 5433.06, Los Angeles County, California",543306,360100,349700,369500,9400,9400
1400000US06037101220,6037101220,"Census Tract 1012.20, Los Angeles County, California",101220,366100,340900,369700,3600,3600
1400000US06037203720,6037203720,"Census Tract 2037.20, Los Angeles County, California",203720,300000,308700,369800,69800,69800
1400000US06037406000,6037406000,"Census Tract 4060, Los Angeles County, California",406000,371200,355500,369800,-1400,-1400
1400000US06037135114,6037135114,"Census Tract 1351.14, Los Angeles County, California",135114,343800,354500,370000,26200,26200
1400000US06037121900,6037121900,"Census Tract 1219, Los Angeles County, California",121900,332300,336200,370300,38000,38000
1400000US06037201700,6037201700,"Census Tract 2017, Los Angeles County, California",201700,347000,318100,370600,23600,23600
1400000US06037203300,6037203300,"Census Tract 2033, Los Angeles County, California",203300,376500,332100,370600,-5900,-5900
1400000US06037106111,6037106111,"Census Tract 1061.11, Los Angeles County, California",106111,331600,332500,370800,39200,39200
1400000US06037134001,6037134001,"Census Tract 1340.01, Los Angeles County, California",134001,349600,348800,370900,21300,21300
1400000US06037500700,6037500700,"Census Tract 5007, Los Angeles County, California",500700,363000,344700,370900,7900,7900
1400000US06037600502,6037600502,"Census Tract 6005.02, Los Angeles County, California",600502,337100,351400,371100,34000,34000
1400000US06037220000,6037220000,"Census Tract 2200, Los Angeles County, California",220000,335500,323800,371200,35700,35700
1400000US06037543802,6037543802,"Census Tract 5438.02, Los Angeles County, California",543802,341900,295100,371300,29400,29400
1400000US06037301802,6037301802,"Census Tract 3018.02, Los Angeles County, California",301802,288300,303600,372100,83800,83800
1400000US06037403801,6037403801,"Census Tract 4038.01, Los Angeles County, California",403801,361200,368900,372100,10900,10900
1400000US06037502801,6037502801,"Census Tract 5028.01, Los Angeles County, California",502801,382200,365100,372100,-10100,-10100
1400000US06037432401,6037432401,"Census Tract 4324.01, Los Angeles County, California",432401,372500,378400,372300,-200,-200
1400000US06037104103,6037104103,"Census Tract 1041.03, Los Angeles County, California",104103,323000,328400,372400,49400,49400
1400000US06037408631,6037408631,"Census Tract 4086.31, Los Angeles County, California",408631,347300,348700,372400,25100,25100
1400000US06037109601,6037109601,"Census Tract 1096.01, Los Angeles County, California",109601,347900,343200,372400,24500,24500
1400000US06037199000,6037199000,"Census Tract 1990, Los Angeles County, California",199000,358800,331400,372400,13600,13600
1400000US06037532102,6037532102,"Census Tract 5321.02, Los Angeles County, California",532102,359100,353500,372500,13400,13400
1400000US06037543602,6037543602,"Census Tract 5436.02, Los Angeles County, California",543602,353900,343400,373000,19100,19100
1400000US06037208501,6037208501,"Census Tract 2085.01, Los Angeles County, California",208501,321700,338500,373100,51400,51400
1400000US06037532304,6037532304,"Census Tract 5323.04, Los Angeles County, California",532304,372700,357200,373300,600,600
1400000US06037602508,6037602508,"Census Tract 6025.08, Los Angeles County, California",602508,378500,309300,373400,-5100,-5100
1400000US06037910205,6037910205,"Census Tract 9102.05, Los Angeles County, California",910205,429100,428300,373500,-55600,-55600
1400000US06037603500,6037603500,"Census Tract 6035, Los Angeles County, California",603500,377800,347000,374000,-3800,-3800
1400000US06037296500,6037296500,"Census Tract 2965, Los Angeles County, California",296500,398300,362800,374400,-23900,-23900
1400000US06037131300,6037131300,"Census Tract 1313, Los Angeles County, California",131300,333400,339400,374900,41500,41500
1400000US06037103102,6037103102,"Census Tract 1031.02, Los Angeles County, California",103102,364700,359400,375100,10400,10400
1400000US06037601900,6037601900,"Census Tract 6019, Los Angeles County, California",601900,275000,317100,375300,100300,100300
1400000US06037209102,6037209102,"Census Tract 2091.02, Los Angeles County, California",209102,385900,359200,375600,-10300,-10300
1400000US06037131400,6037131400,"Census Tract 1314, Los Angeles County, California",131400,328900,344900,375700,46800,46800
1400000US06037402001,6037402001,"Census Tract 4020.01, Los Angeles County, California",402001,361800,342900,375700,13900,13900
1400000US06037573201,6037573201,"Census Tract 5732.01, Los Angeles County, California",573201,356100,359100,376300,20200,20200
1400000US06037185310,6037185310,"Census Tract 1853.10, Los Angeles County, California",185310,352800,330100,376700,23900,23900
1400000US06037600501,6037600501,"Census Tract 6005.01, Los Angeles County, California",600501,372300,356000,376700,4400,4400
1400000US06037502602,6037502602,"Census Tract 5026.02, Los Angeles County, California",502602,382100,350200,376900,-5200,-5200
1400000US06037543502,6037543502,"Census Tract 5435.02, Los Angeles County, California",543502,348300,349100,377000,28700,28700
1400000US06037222001,6037222001,"Census Tract 2220.01, Los Angeles County, California",222001,422700,385100,377200,-45500,-45500
1400000US06037576903,6037576903,"Census Tract 5769.03, Los Angeles County, California",576903,208800,288600,377500,168700,168700
1400000US06037603400,6037603400,"Census Tract 6034, Los Angeles County, California",603400,363200,352000,377600,14400,14400
1400000US06037123204,6037123204,"Census Tract 1232.04, Los Angeles County, California",123204,270800,268300,377800,107000,107000
1400000US06037117102,6037117102,"Census Tract 1171.02, Los Angeles County, California",117102,360900,385300,377800,16900,16900
1400000US06037901213,6037901213,"Census Tract 9012.13, Los Angeles County, California",901213,364700,335300,377800,13100,13100
1400000US06037543503,6037543503,"Census Tract 5435.03, Los Angeles County, California",543503,376400,364200,378600,2200,2200
1400000US06037552602,6037552602,"Census Tract 5526.02, Los Angeles County, California",552602,379200,362300,378700,-500,-500
1400000US06037433403,6037433403,"Census Tract 4334.03, Los Angeles County, California",433403,381300,375000,378700,-2600,-2600
1400000US06037408501,6037408501,"Census Tract 4085.01, Los Angeles County, California",408501,343500,346700,378800,35300,35300
1400000US06037128102,6037128102,"Census Tract 1281.02, Los Angeles County, California",128102,349500,357000,378800,29300,29300
1400000US06037408136,6037408136,"Census Tract 4081.36, Los Angeles County, California",408136,340600,351500,379100,38500,38500
1400000US06037406101,6037406101,"Census Tract 4061.01, Los Angeles County, California",406101,355600,344900,379300,23700,23700
1400000US06037555002,6037555002,"Census Tract 5550.02, Los Angeles County, California",555002,376600,354100,379600,3000,3000
1400000US06037602700,6037602700,"Census Tract 6027, Los Angeles County, California",602700,367600,339700,379700,12100,12100
1400000US06037553200,6037553200,"Census Tract 5532, Los Angeles County, California",553200,369400,353900,379700,10300,10300
1400000US06037602106,6037602106,"Census Tract 6021.06, Los Angeles County, California",602106,371900,352400,379800,7900,7900
1400000US06037543703,6037543703,"Census Tract 5437.03, Los Angeles County, California",543703,363300,353800,380000,16700,16700
1400000US06037127220,6037127220,"Census Tract 1272.20, Los Angeles County, California",127220,303600,319900,380100,76500,76500
1400000US06037403901,6037403901,"Census Tract 4039.01, Los Angeles County, California",403901,362800,352900,380100,17300,17300
1400000US06037131020,6037131020,"Census Tract 1310.20, Los Angeles County, California",131020,312900,322300,380200,67300,67300
1400000US06037400602,6037400602,"Census Tract 4006.02, Los Angeles County, California",400602,375100,357300,380200,5100,5100
1400000US06037432500,6037432500,"Census Tract 4325, Los Angeles County, California",432500,375200,360400,380200,5000,5000
1400000US06037204910,6037204910,"Census Tract 2049.10, Los Angeles County, California",204910,275000,303600,380400,105400,105400
1400000US06037502901,6037502901,"Census Tract 5029.01, Los Angeles County, California",502901,354600,352300,380700,26100,26100
1400000US06037533105,6037533105,"Census Tract 5331.05, Los Angeles County, California",533105,398500,343800,380800,-17700,-17700
1400000US06037132102,6037132102,"Census Tract 1321.02, Los Angeles County, California",132102,331400,322400,380900,49500,49500
1400000US06037503103,6037503103,"Census Tract 5031.03, Los Angeles County, California",503103,347400,333500,381300,33900,33900
1400000US06037211703,6037211703,"Census Tract 2117.03, Los Angeles County, California",211703,285900,275500,381500,95600,95600
1400000US06037405301,6037405301,"Census Tract 4053.01, Los Angeles County, California",405301,339500,330300,381500,42000,42000
1400000US06037408401,6037408401,"Census Tract 4084.01, Los Angeles County, California",408401,354000,359400,381500,27500,27500
1400000US06037543321,6037543321,"Census Tract 5433.21, Los Angeles County, California",543321,352600,358000,381900,29300,29300
1400000US06037910808,6037910808,"Census Tract 9108.08, Los Angeles County, California",910808,358100,338400,382100,24000,24000
1400000US06037293304,6037293304,"Census Tract 2933.04, Los Angeles County, California",293304,367900,343000,382200,14300,14300
1400000US06037501900,6037501900,"Census Tract 5019, Los Angeles County, California",501900,374900,368000,382200,7300,7300
1400000US06037222500,6037222500,"Census Tract 2225, Los Angeles County, California",222500,412300,336800,382500,-29800,-29800
1400000US06037433200,6037433200,"Census Tract 4332, Los Angeles County, California",433200,353000,356500,382600,29600,29600
1400000US06037127920,6037127920,"Census Tract 1279.20, Los Angeles County, California",127920,350000,346900,382700,32700,32700
1400000US06037199800,6037199800,"Census Tract 1998, Los Angeles County, California",199800,347100,367900,383000,35900,35900
1400000US06037554002,6037554002,"Census Tract 5540.02, Los Angeles County, California",554002,370500,336900,383200,12700,12700
1400000US06037113213,6037113213,"Census Tract 1132.13, Los Angeles County, California",113213,358000,352600,383300,25300,25300
1400000US06037553100,6037553100,"Census Tract 5531, Los Angeles County, California",553100,360500,361000,383700,23200,23200
1400000US06037603600,6037603600,"Census Tract 6036, Los Angeles County, California",603600,363800,357000,383900,20100,20100
1400000US06037206200,6037206200,"Census Tract 2062, Los Angeles County, California",206200,334900,363300,384000,49100,49100
1400000US06037408724,6037408724,"Census Tract 4087.24, Los Angeles County, California",408724,345800,359000,384000,38200,38200
1400000US06037301801,6037301801,"Census Tract 3018.01, Los Angeles County, California",301801,340200,361600,384100,43900,43900
1400000US06037213201,6037213201,"Census Tract 2132.01, Los Angeles County, California",213201,346600,346200,384100,37500,37500
1400000US06037403902,6037403902,"Census Tract 4039.02, Los Angeles County, California",403902,361100,350100,384500,23400,23400
1400000US06037576503,6037576503,"Census Tract 5765.03, Los Angeles County, California",576503,259200,315600,384700,125500,125500
1400000US06037201601,6037201601,"Census Tract 2016.01, Los Angeles County, California",201601,322200,327600,385300,63100,63100
1400000US06037131900,6037131900,"Census Tract 1319, Los Angeles County, California",131900,337100,336100,385600,48500,48500
1400000US06037201501,6037201501,"Census Tract 2015.01, Los Angeles County, California",201501,334700,346600,386100,51400,51400
1400000US06037503502,6037503502,"Census Tract 5035.02, Los Angeles County, California",503502,362700,359000,386100,23400,23400
1400000US06037550300,6037550300,"Census Tract 5503, Los Angeles County, California",550300,360600,343400,386200,25600,25600
1400000US06037291210,6037291210,"Census Tract 2912.10, Los Angeles County, California",291210,366900,343000,386500,19600,19600
1400000US06037310701,6037310701,"Census Tract 3107.01, Los Angeles County, California",310701,375300,371300,386700,11400,11400
1400000US06037405702,6037405702,"Census Tract 4057.02, Los Angeles County, California",405702,325000,321300,387100,62100,62100
1400000US06037433102,6037433102,"Census Tract 4331.02, Los Angeles County, California",433102,350000,349100,387100,37100,37100
1400000US06037123420,6037123420,"Census Tract 1234.20, Los Angeles County, California",123420,362400,360800,387400,25000,25000
1400000US06037554405,6037554405,"Census Tract 5544.05, Los Angeles County, California",554405,460500,404100,387500,-73000,-73000
1400000US06037576001,6037576001,"Census Tract 5760.01, Los Angeles County, California",576001,298400,368400,387700,89300,89300
1400000US06037201200,6037201200,"Census Tract 2012, Los Angeles County, California",201200,295700,330600,388000,92300,92300
1400000US06037124203,6037124203,"Census Tract 1242.03, Los Angeles County, California",124203,354300,339500,388000,33700,33700
1400000US06037302103,6037302103,"Census Tract 3021.03, Los Angeles County, California",302103,495000,446200,388200,-106800,-106800
1400000US06037134800,6037134800,"Census Tract 1348, Los Angeles County, California",134800,360400,352000,388400,28000,28000
1400000US06037106113,6037106113,"Census Tract 1061.13, Los Angeles County, California",106113,337800,346900,388500,50700,50700
1400000US06037119700,6037119700,"Census Tract 1197, Los Angeles County, California",119700,385700,352800,388500,2800,2800
1400000US06037603001,6037603001,"Census Tract 6030.01, Los Angeles County, California",603001,341500,333300,388700,47200,47200
1400000US06037218600,6037218600,"Census Tract 2186, Los Angeles County, California",218600,409100,395900,388800,-20300,-20300
1400000US06037132501,6037132501,"Census Tract 1325.01, Los Angeles County, California",132501,335900,344400,388900,53000,53000
1400000US06037123410,6037123410,"Census Tract 1234.10, Los Angeles County, California",123410,416300,358800,389300,-27000,-27000
1400000US06037572201,6037572201,"Census Tract 5722.01, Los Angeles County, California",572201,415300,386400,389400,-25900,-25900
1400000US06037234600,6037234600,"Census Tract 2346, Los Angeles County, California",234600,364100,368000,389800,25700,25700
1400000US06037432801,6037432801,"Census Tract 4328.01, Los Angeles County, California",432801,335800,302200,390000,54200,54200
1400000US06037534001,6037534001,"Census Tract 5340.01, Los Angeles County, California",534001,353300,361100,390400,37100,37100
1400000US06037554001,6037554001,"Census Tract 5540.01, Los Angeles County, California",554001,356100,360200,390700,34600,34600
1400000US06037121222,6037121222,"Census Tract 1212.22, Los Angeles County, California",121222,354500,313300,391200,36700,36700
1400000US06037401312,6037401312,"Census Tract 4013.12, Los Angeles County, California",401312,314600,254900,391300,76700,76700
1400000US06037600601,6037600601,"Census Tract 6006.01, Los Angeles County, California",600601,386500,361300,391300,4800,4800
1400000US06037320201,6037320201,"Census Tract 3202.01, Los Angeles County, California",320201,227600,245900,391400,163800,163800
1400000US06037106649,6037106649,"Census Tract 1066.49, Los Angeles County, California",106649,391400,376500,392300,900,900
1400000US06037224410,6037224410,"Census Tract 2244.10, Los Angeles County, California",224410,410500,364300,392300,-18200,-18200
1400000US06037406102,6037406102,"Census Tract 4061.02, Los Angeles County, California",406102,412300,366100,392500,-19800,-19800
1400000US06037551502,6037551502,"Census Tract 5515.02, Los Angeles County, California",551502,414900,383600,392500,-22400,-22400
1400000US06037115302,6037115302,"Census Tract 1153.02, Los Angeles County, California",115302,383000,381000,392700,9700,9700
1400000US06037122121,6037122121,"Census Tract 1221.21, Los Angeles County, California",122121,300000,320900,392900,92900,92900
1400000US06037270100,6037270100,"Census Tract 2701, Los Angeles County, California",270100,436400,384300,392900,-43500,-43500
1400000US06037121600,6037121600,"Census Tract 1216, Los Angeles County, California",121600,363100,343500,393100,30000,30000
1400000US06037602600,6037602600,"Census Tract 6026, Los Angeles County, California",602600,381300,368900,393200,11900,11900
1400000US06037134303,6037134303,"Census Tract 1343.03, Los Angeles County, California",134303,360400,360500,393600,33200,33200
1400000US06037109300,6037109300,"Census Tract 1093, Los Angeles County, California",109300,361500,360500,394100,32600,32600
1400000US06037127606,6037127606,"Census Tract 1276.06, Los Angeles County, California",127606,363000,349800,394100,31100,31100
1400000US06037481714,6037481714,"Census Tract 4817.14, Los Angeles County, California",481714,458200,381200,394400,-63800,-63800
1400000US06037127300,6037127300,"Census Tract 1273, Los Angeles County, California",127300,314900,333500,394700,79800,79800
1400000US06037532101,6037532101,"Census Tract 5321.01, Los Angeles County, California",532101,347100,370700,394700,47600,47600
1400000US06037401500,6037401500,"Census Tract 4015, Los Angeles County, California",401500,350600,338800,394900,44300,44300
1400000US06037127804,6037127804,"Census Tract 1278.04, Los Angeles County, California",127804,342700,348500,395500,52800,52800
1400000US06037219300,6037219300,"Census Tract 2193, Los Angeles County, California",219300,334500,350000,395600,61100,61100
1400000US06037238320,6037238320,"Census Tract 2383.20, Los Angeles County, California",238320,303800,275600,395900,92100,92100
1400000US06037191000,6037191000,"Census Tract 1910, Los Angeles County, California",191000,491300,417900,396100,-95200,-95200
1400000US06037551700,6037551700,"Census Tract 5517, Los Angeles County, California",551700,377600,363700,396200,18600,18600
1400000US06037109200,6037109200,"Census Tract 1092, Los Angeles County, California",109200,356600,348100,396600,40000,40000
1400000US06037406500,6037406500,"Census Tract 4065, Los Angeles County, California",406500,367300,359600,396600,29300,29300
1400000US06037204300,6037204300,"Census Tract 2043, Los Angeles County, California",204300,329300,249100,396700,67400,67400
1400000US06037201120,6037201120,"Census Tract 2011.20, Los Angeles County, California",201120,362500,351400,396700,34200,34200
1400000US06037121102,6037121102,"Census Tract 1211.02, Los Angeles County, California",121102,362700,363200,396800,34100,34100
1400000US06037113235,6037113235,"Census Tract 1132.35, Los Angeles County, California",113235,288500,264400,397000,108500,108500
1400000US06037432602,6037432602,"Census Tract 4326.02, Los Angeles County, California",432602,382000,371100,397200,15200,15200
1400000US06037572400,6037572400,"Census Tract 5724, Los Angeles County, California",572400,377500,346800,397300,19800,19800
1400000US06037503301,6037503301,"Census Tract 5033.01, Los Angeles County, California",503301,366800,365100,397500,30700,30700
1400000US06037602104,6037602104,"Census Tract 6021.04, Los Angeles County, California",602104,327600,314100,397800,70200,70200
1400000US06037482401,6037482401,"Census Tract 4824.01, Los Angeles County, California",482401,450500,394400,398100,-52400,-52400
1400000US06037530102,6037530102,"Census Tract 5301.02, Los Angeles County, California",530102,367700,359300,398200,30500,30500
1400000US06037131200,6037131200,"Census Tract 1312, Los Angeles County, California",131200,370900,353000,398400,27500,27500
1400000US06037601001,6037601001,"Census Tract 6010.01, Los Angeles County, California",601001,378800,350000,398500,19700,19700
1400000US06037920111,6037920111,"Census Tract 9201.11, Los Angeles County, California",920111,388500,372000,398700,10200,10200
1400000US06037602509,6037602509,"Census Tract 6025.09, Los Angeles County, California",602509,400000,404200,398700,-1300,-1300
1400000US06037910807,6037910807,"Census Tract 9108.07, Los Angeles County, California",910807,352500,344200,398800,46300,46300
1400000US06037604100,6037604100,"Census Tract 6041, Los Angeles County, California",604100,403500,403800,398800,-4700,-4700
1400000US06037204810,6037204810,"Census Tract 2048.10, Los Angeles County, California",204810,348800,328500,399000,50200,50200
1400000US06037603301,6037603301,"Census Tract 6033.01, Los Angeles County, California",603301,359800,348500,399100,39300,39300
1400000US06037555103,6037555103,"Census Tract 5551.03, Los Angeles County, California",555103,390200,366300,399200,9000,9000
1400000US06037199202,6037199202,"Census Tract 1992.02, Los Angeles County, California",199202,345900,292900,399400,53500,53500
1400000US06037127104,6037127104,"Census Tract 1271.04, Los Angeles County, California",127104,355900,350400,399600,43700,43700
1400000US06037106112,6037106112,"Census Tract 1061.12, Los Angeles County, California",106112,355900,337700,399800,43900,43900
1400000US06037183810,6037183810,"Census Tract 1838.10, Los Angeles County, California",183810,321800,340300,400000,78200,78200
1400000US06037293201,6037293201,"Census Tract 2932.01, Los Angeles County, California",293201,373100,382000,400000,26900,26900
1400000US06037482402,6037482402,"Census Tract 4824.02, Los Angeles County, California",482402,378000,378600,400000,22000,22000
1400000US06037234000,6037234000,"Census Tract 2340, Los Angeles County, California",234000,402200,356700,400500,-1700,-1700
1400000US06037482503,6037482503,"Census Tract 4825.03, Los Angeles County, California",482503,440000,389700,401100,-38900,-38900
1400000US06037433602,6037433602,"Census Tract 4336.02, Los Angeles County, California",433602,402400,368000,401400,-1000,-1000
1400000US06037134002,6037134002,"Census Tract 1340.02, Los Angeles County, California",134002,372900,366800,401600,28700,28700
1400000US06037570003,6037570003,"Census Tract 5700.03, Los Angeles County, California",570003,402900,384500,401600,-1300,-1300
1400000US06037703001,6037703001,"Census Tract 7030.01, Los Angeles County, California",703001,373300,344600,401800,28500,28500
1400000US06037920013,6037920013,"Census Tract 9200.13, Los Angeles County, California",920013,373000,361400,402100,29100,29100
1400000US06037301900,6037301900,"Census Tract 3019, Los Angeles County, California",301900,393000,377500,402400,9400,9400
1400000US06037101110,6037101110,"Census Tract 1011.10, Los Angeles County, California",101110,368600,371300,402500,33900,33900
1400000US06037400604,6037400604,"Census Tract 4006.04, Los Angeles County, California",400604,388300,383500,402600,14300,14300
1400000US06037302301,6037302301,"Census Tract 3023.01, Los Angeles County, California",302301,408100,405100,402700,-5400,-5400
1400000US06037291110,6037291110,"Census Tract 2911.10, Los Angeles County, California",291110,433000,375700,403000,-30000,-30000
1400000US06037920017,6037920017,"Census Tract 9200.17, Los Angeles County, California",920017,363700,357500,403400,39700,39700
1400000US06037134720,6037134720,"Census Tract 1347.20, Los Angeles County, California",134720,291600,283800,403500,111900,111900
1400000US06037406200,6037406200,"Census Tract 4062, Los Angeles County, California",406200,376200,364000,403600,27400,27400
1400000US06037102105,6037102105,"Census Tract 1021.05, Los Angeles County, California",102105,425600,388800,403800,-21800,-21800
1400000US06037570100,6037570100,"Census Tract 5701, Los Angeles County, California",570100,393700,387700,404100,10400,10400
1400000US06037400800,6037400800,"Census Tract 4008, Los Angeles County, California",400800,392100,348000,404200,12100,12100
1400000US06037405500,6037405500,"Census Tract 4055, Los Angeles County, California",405500,362300,370000,404600,42300,42300
1400000US06037603006,6037603006,"Census Tract 6030.06, Los Angeles County, California",603006,401300,378000,405000,3700,3700
1400000US06037403721,6037403721,"Census Tract 4037.21, Los Angeles County, California",403721,372800,378200,405300,32500,32500
1400000US06037199900,6037199900,"Census Tract 1999, Los Angeles County, California",199900,280600,322500,405400,124800,124800
1400000US06037573004,6037573004,"Census Tract 5730.04, Los Angeles County, California",573004,310700,311600,405600,94900,94900
1400000US06037573100,6037573100,"Census Tract 5731, Los Angeles County, California",573100,377100,365400,405900,28800,28800
1400000US06037920332,6037920332,"Census Tract 9203.32, Los Angeles County, California",920332,234100,229800,406000,171900,171900
1400000US06037401602,6037401602,"Census Tract 4016.02, Los Angeles County, California",401602,393700,367200,406400,12700,12700
1400000US06037294820,6037294820,"Census Tract 2948.20, Los Angeles County, California",294820,409300,280000,406900,-2400,-2400
1400000US06037575001,6037575001,"Census Tract 5750.01, Los Angeles County, California",575001,421700,401900,406900,-14800,-14800
1400000US06037503802,6037503802,"Census Tract 5038.02, Los Angeles County, California",503802,388400,371700,407000,18600,18600
1400000US06037433101,6037433101,"Census Tract 4331.01, Los Angeles County, California",433101,383800,376800,407300,23500,23500
1400000US06037134201,6037134201,"Census Tract 1342.01, Los Angeles County, California",134201,365400,369600,407400,42000,42000
1400000US06037296300,6037296300,"Census Tract 2963, Los Angeles County, California",296300,396400,391800,408200,11800,11800
1400000US06037406701,6037406701,"Census Tract 4067.01, Los Angeles County, California",406701,415300,372200,408200,-7100,-7100
1400000US06037208401,6037208401,"Census Tract 2084.01, Los Angeles County, California",208401,331800,296700,408300,76500,76500
1400000US06037131600,6037131600,"Census Tract 1316, Los Angeles County, California",131600,368100,369900,408400,40300,40300
1400000US06037530400,6037530400,"Census Tract 5304, Los Angeles County, California",530400,409600,375000,408400,-1200,-1200
1400000US06037920116,6037920116,"Census Tract 9201.16, Los Angeles County, California",920116,429400,393200,408400,-21000,-21000
1400000US06037554103,6037554103,"Census Tract 5541.03, Los Angeles County, California",554103,359500,341500,408600,49100,49100
1400000US06037406411,6037406411,"Census Tract 4064.11, Los Angeles County, California",406411,358500,373500,408800,50300,50300
1400000US06037530202,6037530202,"Census Tract 5302.02, Los Angeles County, California",530202,392900,376800,408800,15900,15900
1400000US06037600802,6037600802,"Census Tract 6008.02, Los Angeles County, California",600802,386400,372000,408900,22500,22500
1400000US06037113421,6037113421,"Census Tract 1134.21, Los Angeles County, California",113421,402800,385900,408900,6100,6100
1400000US06037503501,6037503501,"Census Tract 5035.01, Los Angeles County, California",503501,369000,351900,409100,40100,40100
1400000US06037197700,6037197700,"Census Tract 1977, Los Angeles County, California",197700,443400,394700,409700,-33700,-33700
1400000US06037407400,6037407400,"Census Tract 4074, Los Angeles County, California",407400,379100,372800,410200,31100,31100
1400000US06037141303,6037141303,"Census Tract 1413.03, Los Angeles County, California",141303,350300,344100,410300,60000,60000
1400000US06037131800,6037131800,"Census Tract 1318, Los Angeles County, California",131800,375000,371700,410300,35300,35300
1400000US06037576901,6037576901,"Census Tract 5769.01, Los Angeles County, California",576901,401200,396000,410300,9100,9100
1400000US06037572202,6037572202,"Census Tract 5722.02, Los Angeles County, California",572202,390600,381300,410600,20000,20000
1400000US06037920044,6037920044,"Census Tract 9200.44, Los Angeles County, California",920044,397100,384500,410600,13500,13500
1400000US06037124104,6037124104,"Census Tract 1241.04, Los Angeles County, California",124104,428200,362900,410800,-17400,-17400
1400000US06037575801,6037575801,"Census Tract 5758.01, Los Angeles County, California",575801,350800,340600,411100,60300,60300
1400000US06037310702,6037310702,"Census Tract 3107.02, Los Angeles County, California",310702,358600,343400,411200,52600,52600
1400000US06037432402,6037432402,"Census Tract 4324.02, Los Angeles County, California",432402,368400,384000,412100,43700,43700
1400000US06037185320,6037185320,"Census Tract 1853.20, Los Angeles County, California",185320,371600,368800,412200,40600,40600
1400000US06037106020,6037106020,"Census Tract 1060.20, Los Angeles County, California",106020,373200,360400,412200,39000,39000
1400000US06037502902,6037502902,"Census Tract 5029.02, Los Angeles County, California",502902,340000,353700,412700,72700,72700
1400000US06037408202,6037408202,"Census Tract 4082.02, Los Angeles County, California",408202,365000,344200,413300,48300,48300
1400000US06037218702,6037218702,"Census Tract 2187.02, Los Angeles County, California",218702,292500,364700,413500,121000,121000
1400000US06037134103,6037134103,"Census Tract 1341.03, Los Angeles County, California",134103,362400,359400,413900,51500,51500
1400000US06037480304,6037480304,"Census Tract 4803.04, Los Angeles County, California",480304,368800,387400,413900,45100,45100
1400000US06037405302,6037405302,"Census Tract 4053.02, Los Angeles County, California",405302,364000,353000,414200,50200,50200
1400000US06037405600,6037405600,"Census Tract 4056, Los Angeles County, California",405600,400600,369600,414200,13600,13600
1400000US06037434003,6037434003,"Census Tract 4340.03, Los Angeles County, California",434003,370700,297600,414600,43900,43900
1400000US06037702502,6037702502,"Census Tract 7025.02, Los Angeles County, California",702502,394400,424700,414800,20400,20400
1400000US06037183702,6037183702,"Census Tract 1837.02, Los Angeles County, California",183702,371100,367600,415300,44200,44200
1400000US06037113211,6037113211,"Census Tract 1132.11, Los Angeles County, California",113211,393400,378500,415300,21900,21900
1400000US06037543304,6037543304,"Census Tract 5433.04, Los Angeles County, California",543304,404000,376900,415600,11600,11600
1400000US06037235100,6037235100,"Census Tract 2351, Los Angeles County, California",235100,352000,341900,416000,64000,64000
1400000US06037406702,6037406702,"Census Tract 4067.02, Los Angeles County, California",406702,412000,365200,416200,4200,4200
1400000US06037127803,6037127803,"Census Tract 1278.03, Los Angeles County, California",127803,434800,405400,416200,-18600,-18600
1400000US06037501504,6037501504,"Census Tract 5015.04, Los Angeles County, California",501504,453100,401200,416700,-36400,-36400
1400000US06037293302,6037293302,"Census Tract 2933.02, Los Angeles County, California",293302,420000,384900,416900,-3100,-3100
1400000US06037199400,6037199400,"Census Tract 1994, Los Angeles County, California",199400,343100,338400,417000,73900,73900
1400000US06037600704,6037600704,"Census Tract 6007.04, Los Angeles County, California",600704,410200,390400,417300,7100,7100
1400000US06037103400,6037103400,"Census Tract 1034, Los Angeles County, California",103400,354600,374800,417500,62900,62900
1400000US06037122420,6037122420,"Census Tract 1224.20, Los Angeles County, California",122420,361900,366800,417500,55600,55600
1400000US06037554406,6037554406,"Census Tract 5544.06, Los Angeles County, California",554406,399400,389100,417800,18400,18400
1400000US06037550400,6037550400,"Census Tract 5504, Los Angeles County, California",550400,347300,350700,418000,70700,70700
1400000US06037551401,6037551401,"Census Tract 5514.01, Los Angeles County, California",551401,364900,394700,418000,53100,53100
1400000US06037408133,6037408133,"Census Tract 4081.33, Los Angeles County, California",408133,388500,379700,418500,30000,30000
1400000US06037400304,6037400304,"Census Tract 4003.04, Los Angeles County, California",400304,378700,378200,418800,40100,40100
1400000US06037920028,6037920028,"Census Tract 9200.28, Los Angeles County, California",920028,372500,370300,418900,46400,46400
1400000US06037127605,6037127605,"Census Tract 1276.05, Los Angeles County, California",127605,452200,372800,419000,-33200,-33200
1400000US06037603200,6037603200,"Census Tract 6032, Los Angeles County, California",603200,377500,327500,419200,41700,41700
1400000US06037406800,6037406800,"Census Tract 4068, Los Angeles County, California",406800,366700,363900,419600,52900,52900
1400000US06037543604,6037543604,"Census Tract 5436.04, Los Angeles County, California",543604,401700,402100,419800,18100,18100
1400000US06037550601,6037550601,"Census Tract 5506.01, Los Angeles County, California",550601,377200,376800,419900,42700,42700
1400000US06037222100,6037222100,"Census Tract 2221, Los Angeles County, California",222100,341200,373400,420000,78800,78800
1400000US06037109800,6037109800,"Census Tract 1098, Los Angeles County, California",109800,382500,377800,420000,37500,37500
1400000US06037910202,6037910202,"Census Tract 9102.02, Los Angeles County, California",910202,384000,370500,420000,36000,36000
1400000US06037577604,6037577604,"Census Tract 5776.04, Los Angeles County, California",577604,435100,401300,420500,-14600,-14600
1400000US06037603102,6037603102,"Census Tract 6031.02, Los Angeles County, California",603102,370900,371000,421000,50100,50100
1400000US06037408302,6037408302,"Census Tract 4083.02, Los Angeles County, California",408302,449600,430000,421000,-28600,-28600
1400000US06037554101,6037554101,"Census Tract 5541.01, Los Angeles County, California",554101,359900,343400,421100,61200,61200
1400000US06037501300,6037501300,"Census Tract 5013, Los Angeles County, California",501300,376700,365500,421100,44400,44400
1400000US06037571502,6037571502,"Census Tract 5715.02, Los Angeles County, California",571502,380500,362600,421200,40700,40700
1400000US06037602504,6037602504,"Census Tract 6025.04, Los Angeles County, California",602504,427300,348900,421400,-5900,-5900
1400000US06037296901,6037296901,"Census Tract 2969.01, Los Angeles County, California",296901,334400,423000,422000,87600,87600
1400000US06037463602,6037463602,"Census Tract 4636.02, Los Angeles County, California",463602,514700,479400,422000,-92700,-92700
1400000US06037291300,6037291300,"Census Tract 2913, Los Angeles County, California",291300,430800,395900,422100,-8700,-8700
1400000US06037221710,6037221710,"Census Tract 2217.10, Los Angeles County, California",221710,481300,407900,422300,-59000,-59000
1400000US06037604001,6037604001,"Census Tract 6040.01, Los Angeles County, California",604001,422200,410000,422500,300,300
1400000US06037134904,6037134904,"Census Tract 1349.04, Los Angeles County, California",134904,374100,367900,422700,48600,48600
1400000US06037302401,6037302401,"Census Tract 3024.01, Los Angeles County, California",302401,395500,383500,422700,27200,27200
1400000US06037551800,6037551800,"Census Tract 5518, Los Angeles County, California",551800,404300,399000,422900,18600,18600
1400000US06037503902,6037503902,"Census Tract 5039.02, Los Angeles County, California",503902,415400,389800,423200,7800,7800
1400000US06037134104,6037134104,"Census Tract 1341.04, Los Angeles County, California",134104,382700,399500,423300,40600,40600
1400000US06037920108,6037920108,"Census Tract 9201.08, Los Angeles County, California",920108,427000,374300,423300,-3700,-3700
1400000US06037113401,6037113401,"Census Tract 1134.01, Los Angeles County, California",113401,398600,399400,423400,24800,24800
1400000US06037551501,6037551501,"Census Tract 5515.01, Los Angeles County, California",551501,371100,378600,423500,52400,52400
1400000US06037291120,6037291120,"Census Tract 2911.20, Los Angeles County, California",291120,367300,367800,424300,57000,57000
1400000US06037111100,6037111100,"Census Tract 1111, Los Angeles County, California",111100,424600,400500,424300,-300,-300
1400000US06037551402,6037551402,"Census Tract 5514.02, Los Angeles County, California",551402,404400,372800,424500,20100,20100
1400000US06037503801,6037503801,"Census Tract 5038.01, Los Angeles County, California",503801,390000,383800,424700,34700,34700
1400000US06037603801,6037603801,"Census Tract 6038.01, Los Angeles County, California",603801,357900,370900,424800,66900,66900
1400000US06037401311,6037401311,"Census Tract 4013.11, Los Angeles County, California",401311,357200,373300,424900,67700,67700
1400000US06037501200,6037501200,"Census Tract 5012, Los Angeles County, California",501200,398400,410100,425000,26600,26600
1400000US06037106604,6037106604,"Census Tract 1066.04, Los Angeles County, California",106604,371800,384000,425200,53400,53400
1400000US06037199120,6037199120,"Census Tract 1991.20, Los Angeles County, California",199120,367100,347600,425400,58300,58300
1400000US06037127400,6037127400,"Census Tract 1274, Los Angeles County, California",127400,289700,328300,425600,135900,135900
1400000US06037277200,6037277200,"Census Tract 2772, Los Angeles County, California",277200,342600,291300,425600,83000,83000
1400000US06037408723,6037408723,"Census Tract 4087.23, Los Angeles County, California",408723,388800,384800,425600,36800,36800
1400000US06037461000,6037461000,"Census Tract 4610, Los Angeles County, California",461000,397500,388000,425600,28100,28100
1400000US06037502802,6037502802,"Census Tract 5028.02, Los Angeles County, California",502802,210700,229200,425800,215100,215100
1400000US06037920020,6037920020,"Census Tract 9200.20, Los Angeles County, California",920020,393600,371100,426000,32400,32400
1400000US06037570702,6037570702,"Census Tract 5707.02, Los Angeles County, California",570702,411400,386200,426200,14800,14800
1400000US06037403722,6037403722,"Census Tract 4037.22, Los Angeles County, California",403722,393900,384600,426400,32500,32500
1400000US06037482521,6037482521,"Census Tract 4825.21, Los Angeles County, California",482521,400800,421500,426900,26100,26100
1400000US06037920313,6037920313,"Census Tract 9203.13, Los Angeles County, California",920313,422900,406600,426900,4000,4000
1400000US06037191301,6037191301,"Census Tract 1913.01, Los Angeles County, California",191301,464600,426900,427300,-37300,-37300
1400000US06037503302,6037503302,"Census Tract 5033.02, Los Angeles County, California",503302,375900,380300,427600,51700,51700
1400000US06037401202,6037401202,"Census Tract 4012.02, Los Angeles County, California",401202,389200,397800,427700,38500,38500
1400000US06037554900,6037554900,"Census Tract 5549, Los Angeles County, California",554900,464900,421300,427900,-37000,-37000
1400000US06037221302,6037221302,"Census Tract 2213.02, Los Angeles County, California",221302,488000,518400,427900,-60100,-60100
1400000US06037123303,6037123303,"Census Tract 1233.03, Los Angeles County, California",123303,373000,398000,428000,55000,55000
1400000US06037603802,6037603802,"Census Tract 6038.02, Los Angeles County, California",603802,433100,396700,428100,-5000,-5000
1400000US06037570002,6037570002,"Census Tract 5700.02, Los Angeles County, California",570002,442000,397200,428300,-13700,-13700
1400000US06037211120,6037211120,"Census Tract 2111.20, Los Angeles County, California",211120,237500,369600,428700,191200,191200
1400000US06037302104,6037302104,"Census Tract 3021.04, Los Angeles County, California",302104,363900,350000,428900,65000,65000
1400000US06037183300,6037183300,"Census Tract 1833, Los Angeles County, California",183300,364200,370200,428900,64700,64700
1400000US06037920018,6037920018,"Census Tract 9200.18, Los Angeles County, California",920018,370300,382300,429000,58700,58700
1400000US06037571503,6037571503,"Census Tract 5715.03, Los Angeles County, California",571503,415200,373900,429100,13900,13900
1400000US06037127806,6037127806,"Census Tract 1278.06, Los Angeles County, California",127806,347300,355400,429500,82200,82200
1400000US06037115404,6037115404,"Census Tract 1154.04, Los Angeles County, California",115404,385000,376000,429500,44500,44500
1400000US06037131100,6037131100,"Census Tract 1311, Los Angeles County, California",131100,397000,392700,429700,32700,32700
1400000US06037127910,6037127910,"Census Tract 1279.10, Los Angeles County, California",127910,385600,382600,430000,44400,44400
1400000US06037501802,6037501802,"Census Tract 5018.02, Los Angeles County, California",501802,445700,395100,430400,-15300,-15300
1400000US06037920334,6037920334,"Census Tract 9203.34, Los Angeles County, California",920334,440900,407400,430600,-10300,-10300
1400000US06037106010,6037106010,"Census Tract 1060.10, Los Angeles County, California",106010,396900,379000,431100,34200,34200
1400000US06037115202,6037115202,"Census Tract 1152.02, Los Angeles County, California",115202,415600,396000,431500,15900,15900
1400000US06037551201,6037551201,"Census Tract 5512.01, Los Angeles County, California",551201,409700,391400,431600,21900,21900
1400000US06037432300,6037432300,"Census Tract 4323, Los Angeles County, California",432300,388600,393700,431700,43100,43100
1400000US06037551202,6037551202,"Census Tract 5512.02, Los Angeles County, California",551202,419300,414200,431800,12500,12500
1400000US06037570701,6037570701,"Census Tract 5707.01, Los Angeles County, California",570701,454300,399300,431800,-22500,-22500
1400000US06037408134,6037408134,"Census Tract 4081.34, Los Angeles County, California",408134,404100,400000,433000,28900,28900
1400000US06037920329,6037920329,"Census Tract 9203.29, Los Angeles County, California",920329,408800,415300,433200,24400,24400
1400000US06037503201,6037503201,"Census Tract 5032.01, Los Angeles County, California",503201,416000,385000,433900,17900,17900
1400000US06037555001,6037555001,"Census Tract 5550.01, Los Angeles County, California",555001,391000,377000,434100,43100,43100
1400000US06037401203,6037401203,"Census Tract 4012.03, Los Angeles County, California",401203,391700,368400,434200,42500,42500
1400000US06037201301,6037201301,"Census Tract 2013.01, Los Angeles County, California",201301,375500,328400,434400,58900,58900
1400000US06037504001,6037504001,"Census Tract 5040.01, Los Angeles County, California",504001,417900,409300,434700,16800,16800
1400000US06037131010,6037131010,"Census Tract 1310.10, Los Angeles County, California",131010,342600,342100,435100,92500,92500
1400000US06037183220,6037183220,"Census Tract 1832.20, Los Angeles County, California",183220,352100,360000,435200,83100,83100
1400000US06037503701,6037503701,"Census Tract 5037.01, Los Angeles County, California",503701,432300,393600,435200,2900,2900
1400000US06037462201,6037462201,"Census Tract 4622.01, Los Angeles County, California",462201,387300,382900,435300,48000,48000
1400000US06037406602,6037406602,"Census Tract 4066.02, Los Angeles County, California",406602,398500,399000,435300,36800,36800
1400000US06037910805,6037910805,"Census Tract 9108.05, Los Angeles County, California",910805,405300,375500,435300,30000,30000
1400000US06037503601,6037503601,"Census Tract 5036.01, Los Angeles County, California",503601,413300,390700,435400,22100,22100
1400000US06037408303,6037408303,"Census Tract 4083.03, Los Angeles County, California",408303,398200,386500,435700,37500,37500
1400000US06037302201,6037302201,"Census Tract 3022.01, Los Angeles County, California",302201,564100,445000,435900,-128200,-128200
1400000US06037431100,6037431100,"Census Tract 4311, Los Angeles County, California",431100,437500,419000,436000,-1500,-1500
1400000US06037432601,6037432601,"Census Tract 4326.01, Los Angeles County, California",432601,396000,396000,436200,40200,40200
1400000US06037462001,6037462001,"Census Tract 4620.01, Los Angeles County, California",462001,489500,398600,436200,-53300,-53300
1400000US06037128210,6037128210,"Census Tract 1282.10, Los Angeles County, California",128210,330300,403800,436400,106100,106100
1400000US06037117301,6037117301,"Census Tract 1173.01, Los Angeles County, California",117301,406200,405700,436500,30300,30300
1400000US06037113422,6037113422,"Census Tract 1134.22, Los Angeles County, California",113422,346900,365600,436600,89700,89700
1400000US06037132101,6037132101,"Census Tract 1321.01, Los Angeles County, California",132101,400800,392900,436600,35800,35800
1400000US06037109700,6037109700,"Census Tract 1097, Los Angeles County, California",109700,379300,394700,437100,57800,57800
1400000US06037403312,6037403312,"Census Tract 4033.12, Los Angeles County, California",403312,395900,406000,437200,41300,41300
1400000US06037930200,6037930200,"Census Tract 9302, Los Angeles County, California",930200,237800,318800,437500,199700,199700
1400000US06037503402,6037503402,"Census Tract 5034.02, Los Angeles County, California",503402,425100,417200,437600,12500,12500
1400000US06037123104,6037123104,"Census Tract 1231.04, Los Angeles County, California",123104,394200,390600,438100,43900,43900
1400000US06037222600,6037222600,"Census Tract 2226, Los Angeles County, California",222600,329800,361600,438200,108400,108400
1400000US06037603703,6037603703,"Census Tract 6037.03, Los Angeles County, California",603703,404900,403600,438300,33400,33400
1400000US06037400900,6037400900,"Census Tract 4009, Los Angeles County, California",400900,429100,412200,438300,9200,9200
1400000US06037132700,6037132700,"Census Tract 1327, Los Angeles County, California",132700,391300,361100,438600,47300,47300
1400000US06037920034,6037920034,"Census Tract 9200.34, Los Angeles County, California",920034,385400,390100,438900,53500,53500
1400000US06037208502,6037208502,"Census Tract 2085.02, Los Angeles County, California",208502,341300,384400,439700,98400,98400
1400000US06037602402,6037602402,"Census Tract 6024.02, Los Angeles County, California",602402,429000,423100,440100,11100,11100
1400000US06037127603,6037127603,"Census Tract 1276.03, Los Angeles County, California",127603,348100,386700,440200,92100,92100
1400000US06037186202,6037186202,"Census Tract 1862.02, Los Angeles County, California",186202,375400,390300,440300,64900,64900
1400000US06037208302,6037208302,"Census Tract 2083.02, Los Angeles County, California",208302,326900,438200,440500,113600,113600
1400000US06037124902,6037124902,"Census Tract 1249.02, Los Angeles County, California",124902,483000,454800,440500,-42500,-42500
1400000US06037103101,6037103101,"Census Tract 1031.01, Los Angeles County, California",103101,408700,403000,440600,31900,31900
1400000US06037103200,6037103200,"Census Tract 1032, Los Angeles County, California",103200,425600,423300,440800,15200,15200
1400000US06037482202,6037482202,"Census Tract 4822.02, Los Angeles County, California",482202,421800,383000,440900,19100,19100
1400000US06037134304,6037134304,"Census Tract 1343.04, Los Angeles County, California",134304,373000,395000,441100,68100,68100
1400000US06037609900,6037609900,"Census Tract 6099, Los Angeles County, California",609900,428600,383900,441400,12800,12800
1400000US06037219500,6037219500,"Census Tract 2195, Los Angeles County, California",219500,374600,372800,441600,67000,67000
1400000US06037554203,6037554203,"Census Tract 5542.03, Los Angeles County, California",554203,412000,386400,441800,29800,29800
1400000US06037106510,6037106510,"Census Tract 1065.10, Los Angeles County, California",106510,414300,400900,441900,27600,27600
1400000US06037503702,6037503702,"Census Tract 5037.02, Los Angeles County, California",503702,414300,403300,442000,27700,27700
1400000US06037600702,6037600702,"Census Tract 6007.02, Los Angeles County, California",600702,425800,399300,442000,16200,16200
1400000US06037123205,6037123205,"Census Tract 1232.05, Los Angeles County, California",123205,345700,394000,442200,96500,96500
1400000US06037207302,6037207302,"Census Tract 2073.02, Los Angeles County, California",207302,370200,377100,442200,72000,72000
1400000US06037209300,6037209300,"Census Tract 2093, Los Angeles County, California",209300,459100,,442300,-16800,-16800
1400000US06037462302,6037462302,"Census Tract 4623.02, Los Angeles County, California",462302,446800,394600,442700,-4100,-4100
1400000US06037433503,6037433503,"Census Tract 4335.03, Los Angeles County, California",433503,347600,395100,443200,95600,95600
1400000US06037408135,6037408135,"Census Tract 4081.35, Los Angeles County, California",408135,395200,410300,443200,48000,48000
1400000US06037212306,6037212306,"Census Tract 2123.06, Los Angeles County, California",212306,394400,438000,443300,48900,48900
1400000US06037201402,6037201402,"Census Tract 2014.02, Los Angeles County, California",201402,352300,353800,443500,91200,91200
1400000US06037302202,6037302202,"Census Tract 3022.02, Los Angeles County, California",302202,387100,449400,443500,56400,56400
1400000US06037127805,6037127805,"Census Tract 1278.05, Los Angeles County, California",127805,381500,361700,443600,62100,62100
1400000US06037530004,6037530004,"Census Tract 5300.04, Los Angeles County, California",530004,437000,419100,443800,6800,6800
1400000US06037920039,6037920039,"Census Tract 9200.39, Los Angeles County, California",920039,441100,411300,444100,3000,3000
1400000US06037209520,6037209520,"Census Tract 2095.20, Los Angeles County, California",209520,790400,429300,444400,-346000,-346000
1400000US06037117201,6037117201,"Census Tract 1172.01, Los Angeles County, California",117201,433300,338700,444600,11300,11300
1400000US06037481711,6037481711,"Census Tract 4817.11, Los Angeles County, California",481711,393800,415000,445400,51600,51600
1400000US06037604002,6037604002,"Census Tract 6040.02, Los Angeles County, California",604002,386700,393000,445500,58800,58800
1400000US06037482101,6037482101,"Census Tract 4821.01, Los Angeles County, California",482101,442300,428400,445500,3200,3200
1400000US06037139504,6037139504,"Census Tract 1395.04, Los Angeles County, California",139504,338600,336600,446000,107400,107400
1400000US06037128101,6037128101,"Census Tract 1281.01, Los Angeles County, California",128101,414300,422700,446100,31800,31800
1400000US06037133100,6037133100,"Census Tract 1331, Los Angeles County, California",133100,421300,405700,446200,24900,24900
1400000US06037480901,6037480901,"Census Tract 4809.01, Los Angeles County, California",480901,490600,409900,446200,-44400,-44400
1400000US06037401101,6037401101,"Census Tract 4011.01, Los Angeles County, California",401101,437900,452100,446300,8400,8400
1400000US06037113303,6037113303,"Census Tract 1133.03, Los Angeles County, California",113303,441900,427200,446300,4400,4400
1400000US06037543322,6037543322,"Census Tract 5433.22, Los Angeles County, California",543322,411000,401200,446600,35600,35600
1400000US06037134302,6037134302,"Census Tract 1343.02, Los Angeles County, California",134302,411300,402800,446600,35300,35300
1400000US06037571400,6037571400,"Census Tract 5714, Los Angeles County, California",571400,426500,419800,446600,20100,20100
1400000US06037134101,6037134101,"Census Tract 1341.01, Los Angeles County, California",134101,391400,413800,446700,55300,55300
1400000US06037139200,6037139200,"Census Tract 1392, Los Angeles County, California",139200,432100,424500,447300,15200,15200
1400000US06037301502,6037301502,"Census Tract 3015.02, Los Angeles County, California",301502,384100,417300,447400,63300,63300
1400000US06037481002,6037481002,"Census Tract 4810.02, Los Angeles County, California",481002,480200,442300,447400,-32800,-32800
1400000US06037218210,6037218210,"Census Tract 2182.10, Los Angeles County, California",218210,470900,418500,448200,-22700,-22700
1400000US06037291220,6037291220,"Census Tract 2912.20, Los Angeles County, California",291220,423800,387500,448300,24500,24500
1400000US06037213401,6037213401,"Census Tract 2134.01, Los Angeles County, California",213401,525000,450000,448500,-76500,-76500
1400000US06037186301,6037186301,"Census Tract 1863.01, Los Angeles County, California",186301,399000,343000,448600,49600,49600
1400000US06037480902,6037480902,"Census Tract 4809.02, Los Angeles County, California",480902,390700,409800,448800,58100,58100
1400000US06037408504,6037408504,"Census Tract 4085.04, Los Angeles County, California",408504,460800,443500,449200,-11600,-11600
1400000US06037401201,6037401201,"Census Tract 4012.01, Los Angeles County, California",401201,461000,453100,449300,-11700,-11700
1400000US06037462301,6037462301,"Census Tract 4623.01, Los Angeles County, California",462301,431800,411900,449600,17800,17800
1400000US06037403702,6037403702,"Census Tract 4037.02, Los Angeles County, California",403702,434700,420500,449800,15100,15100
1400000US06037209820,6037209820,"Census Tract 2098.20, Los Angeles County, California",209820,350000,237200,450000,100000,100000
1400000US06037113212,6037113212,"Census Tract 1132.12, Los Angeles County, California",113212,415800,424300,450000,34200,34200
1400000US06037920118,6037920118,"Census Tract 9201.18, Los Angeles County, California",920118,421900,409300,450000,28100,28100
1400000US06037102104,6037102104,"Census Tract 1021.04, Los Angeles County, California",102104,447500,418300,450000,2500,2500
1400000US06037503401,6037503401,"Census Tract 5034.01, Los Angeles County, California",503401,404500,397700,450100,45600,45600
1400000US06037920322,6037920322,"Census Tract 9203.22, Los Angeles County, California",920322,446700,431000,450200,3500,3500
1400000US06037124903,6037124903,"Census Tract 1249.03, Los Angeles County, California",124903,328400,347000,450600,122200,122200
1400000US06037117303,6037117303,"Census Tract 1173.03, Los Angeles County, California",117303,435400,410100,450900,15500,15500
1400000US06037576904,6037576904,"Census Tract 5769.04, Los Angeles County, California",576904,523700,471200,451100,-72600,-72600
1400000US06037297602,6037297602,"Census Tract 2976.02, Los Angeles County, California",297602,453000,427700,451200,-1800,-1800
1400000US06037124103,6037124103,"Census Tract 1241.03, Los Angeles County, California",124103,249000,338600,451400,202400,202400
1400000US06037461502,6037461502,"Census Tract 4615.02, Los Angeles County, California",461502,371800,400000,451600,79800,79800
1400000US06037570902,6037570902,"Census Tract 5709.02, Los Angeles County, California",570902,424600,432600,451900,27300,27300
1400000US06037122000,6037122000,"Census Tract 1220, Los Angeles County, California",122000,383500,371000,452000,68500,68500
1400000US06037117202,6037117202,"Census Tract 1172.02, Los Angeles County, California",117202,433200,415900,452300,19100,19100
1400000US06037431501,6037431501,"Census Tract 4315.01, Los Angeles County, California",431501,425900,416400,452800,26900,26900
1400000US06037403318,6037403318,"Census Tract 4033.18, Los Angeles County, California",403318,413700,420800,453300,39600,39600
1400000US06037575002,6037575002,"Census Tract 5750.02, Los Angeles County, California",575002,476400,444500,453600,-22800,-22800
1400000US06037234300,6037234300,"Census Tract 2343, Los Angeles County, California",234300,420200,378300,453800,33600,33600
1400000US06037207301,6037207301,"Census Tract 2073.01, Los Angeles County, California",207301,308000,351700,454300,146300,146300
1400000US06037221304,6037221304,"Census Tract 2213.04, Los Angeles County, California",221304,370000,412500,454500,84500,84500
1400000US06037123304,6037123304,"Census Tract 1233.04, Los Angeles County, California",123304,381800,385500,454600,72800,72800
1400000US06037408704,6037408704,"Census Tract 4087.04, Los Angeles County, California",408704,407700,438700,455000,47300,47300
1400000US06037135111,6037135111,"Census Tract 1351.11, Los Angeles County, California",135111,432700,427100,455000,22300,22300
1400000US06037602404,6037602404,"Census Tract 6024.04, Los Angeles County, California",602404,465000,418900,455000,-10000,-10000
1400000US06037920104,6037920104,"Census Tract 9201.04, Los Angeles County, California",920104,446500,409700,455700,9200,9200
1400000US06037297202,6037297202,"Census Tract 2972.02, Los Angeles County, California",297202,411700,437000,456000,44300,44300
1400000US06037920331,6037920331,"Census Tract 9203.31, Los Angeles County, California",920331,422100,419800,456000,33900,33900
1400000US06037920045,6037920045,"Census Tract 9200.45, Los Angeles County, California",920045,427800,391800,456100,28300,28300
1400000US06037117404,6037117404,"Census Tract 1174.04, Los Angeles County, California",117404,463300,447200,456600,-6700,-6700
1400000US06037460302,6037460302,"Census Tract 4603.02, Los Angeles County, California",460302,438600,417200,456700,18100,18100
1400000US06037221810,6037221810,"Census Tract 2218.10, Los Angeles County, California",221810,439500,388300,457100,17600,17600
1400000US06037574902,6037574902,"Census Tract 5749.02, Los Angeles County, California",574902,407300,407500,457500,50200,50200
1400000US06037504002,6037504002,"Census Tract 5040.02, Los Angeles County, California",504002,408900,420400,457500,48600,48600
1400000US06037530203,6037530203,"Census Tract 5302.03, Los Angeles County, California",530203,371800,358600,457900,86100,86100
1400000US06037501803,6037501803,"Census Tract 5018.03, Los Angeles County, California",501803,314400,424100,458300,143900,143900
1400000US06037463601,6037463601,"Census Tract 4636.01, Los Angeles County, California",463601,429300,439000,458300,29000,29000
1400000US06037301203,6037301203,"Census Tract 3012.03, Los Angeles County, California",301203,401500,397900,458700,57200,57200
1400000US06037460900,6037460900,"Census Tract 4609, Los Angeles County, California",460900,377900,380600,458800,80900,80900
1400000US06037430901,6037430901,"Census Tract 4309.01, Los Angeles County, California",430901,412600,386700,459000,46400,46400
1400000US06037482701,6037482701,"Census Tract 4827.01, Los Angeles County, California",482701,467300,455800,459100,-8200,-8200
1400000US06037571101,6037571101,"Census Tract 5711.01, Los Angeles County, California",571101,442600,428200,459400,16800,16800
1400000US06037265510,6037265510,"Census Tract 2655.10, Los Angeles County, California",265510,759600,723500,459500,-300100,-300100
1400000US06037603702,6037603702,"Census Tract 6037.02, Los Angeles County, California",603702,433900,425400,459600,25700,25700
1400000US06037292000,6037292000,"Census Tract 2920, Los Angeles County, California",292000,445500,428200,459800,14300,14300
1400000US06037571102,6037571102,"Census Tract 5711.02, Los Angeles County, California",571102,460000,446800,460000,0,0
1400000US06037432201,6037432201,"Census Tract 4322.01, Los Angeles County, California",432201,429000,425300,460200,31200,31200
1400000US06037408212,6037408212,"Census Tract 4082.12, Los Angeles County, California",408212,401600,412700,460500,58900,58900
1400000US06037183510,6037183510,"Census Tract 1835.10, Los Angeles County, California",183510,371100,371500,461100,90000,90000
1400000US06037550700,6037550700,"Census Tract 5507, Los Angeles County, California",550700,450600,431500,461200,10600,10600
1400000US06037406601,6037406601,"Census Tract 4066.01, Los Angeles County, California",406601,409100,412000,461600,52500,52500
1400000US06037111400,6037111400,"Census Tract 1114, Los Angeles County, California",111400,397800,402100,462200,64400,64400
1400000US06037401701,6037401701,"Census Tract 4017.01, Los Angeles County, California",401701,425900,408300,462300,36400,36400
1400000US06037480804,6037480804,"Census Tract 4808.04, Los Angeles County, California",480804,436300,445200,462400,26100,26100
1400000US06037570001,6037570001,"Census Tract 5700.01, Los Angeles County, California",570001,438100,433400,462400,24300,24300
1400000US06037134905,6037134905,"Census Tract 1349.05, Los Angeles County, California",134905,782100,492100,462500,-319600,-319600
1400000US06037111205,6037111205,"Census Tract 1112.05, Los Angeles County, California",111205,450000,420400,462700,12700,12700
1400000US06037482502,6037482502,"Census Tract 4825.02, Los Angeles County, California",482502,484500,408000,463000,-21500,-21500
1400000US06037183103,6037183103,"Census Tract 1831.03, Los Angeles County, California",183103,505400,454600,463600,-41800,-41800
1400000US06037310601,6037310601,"Census Tract 3106.01, Los Angeles County, California",310601,430300,381500,464700,34400,34400
0500000US06037,6037,"Los Angeles County, California",,443300,425100,465000,21700,21700
1400000US06037534403,6037534403,"Census Tract 5344.03, Los Angeles County, California",534403,398800,434800,465200,66400,66400
1400000US06037199300,6037199300,"Census Tract 1993, Los Angeles County, California",199300,436000,418800,465600,29600,29600
1400000US06037124300,6037124300,"Census Tract 1243, Los Angeles County, California",124300,422000,413000,466500,44500,44500
1400000US06037276100,6037276100,"Census Tract 2761, Los Angeles County, California",276100,520800,520500,466500,-54300,-54300
1400000US06037111202,6037111202,"Census Tract 1112.02, Los Angeles County, California",111202,420800,436600,466700,45900,45900
1400000US06037570901,6037570901,"Census Tract 5709.01, Los Angeles County, California",570901,445700,430200,467000,21300,21300
1400000US06037301702,6037301702,"Census Tract 3017.02, Los Angeles County, California",301702,463500,421300,467000,3500,3500
1400000US06037602301,6037602301,"Census Tract 6023.01, Los Angeles County, California",602301,451600,444300,467300,15700,15700
1400000US06037213310,6037213310,"Census Tract 2133.10, Los Angeles County, California",213310,438600,330000,467700,29100,29100
1400000US06037920040,6037920040,"Census Tract 9200.40, Los Angeles County, California",920040,398400,421000,468200,69800,69800
1400000US06037576602,6037576602,"Census Tract 5766.02, Los Angeles County, California",576602,408200,424800,468200,60000,60000
1400000US06037554802,6037554802,"Census Tract 5548.02, Los Angeles County, California",554802,442700,442400,469400,26700,26700
1400000US06037134901,6037134901,"Census Tract 1349.01, Los Angeles County, California",134901,425100,424000,469500,44400,44400
1400000US06037124201,6037124201,"Census Tract 1242.01, Los Angeles County, California",124201,420200,386800,469900,49700,49700
1400000US06037222200,6037222200,"Census Tract 2222, Los Angeles County, California",222200,479200,406100,470000,-9200,-9200
1400000US06037207103,6037207103,"Census Tract 2071.03, Los Angeles County, California",207103,535700,467400,470000,-65700,-65700
1400000US06037183401,6037183401,"Census Tract 1834.01, Los Angeles County, California",183401,422500,427300,470200,47700,47700
1400000US06037236000,6037236000,"Census Tract 2360, Los Angeles County, California",236000,489300,500700,470700,-18600,-18600
1400000US06037191720,6037191720,"Census Tract 1917.20, Los Angeles County, California",191720,462100,445600,470800,8700,8700
1400000US06037432902,6037432902,"Census Tract 4329.02, Los Angeles County, California",432902,467700,451200,470900,3200,3200
1400000US06037570800,6037570800,"Census Tract 5708, Los Angeles County, California",570800,420000,428700,471000,51000,51000
1400000US06037432901,6037432901,"Census Tract 4329.01, Los Angeles County, California",432901,429500,418600,471000,41500,41500
1400000US06037191820,6037191820,"Census Tract 1918.20, Los Angeles County, California",191820,562500,436800,471400,-91100,-91100
1400000US06037403703,6037403703,"Census Tract 4037.03, Los Angeles County, California",403703,426700,426500,472500,45800,45800
1400000US06037106646,6037106646,"Census Tract 1066.46, Los Angeles County, California",106646,444900,449700,473200,28300,28300
1400000US06037123601,6037123601,"Census Tract 1236.01, Los Angeles County, California",123601,422600,440600,474700,52100,52100
1400000US06037503901,6037503901,"Census Tract 5039.01, Los Angeles County, California",503901,411900,409700,474900,63000,63000
1400000US06037128601,6037128601,"Census Tract 1286.01, Los Angeles County, California",128601,432900,435300,475000,42100,42100
1400000US06037208620,6037208620,"Census Tract 2086.20, Los Angeles County, California",208620,460900,464100,475000,14100,14100
1400000US06037186201,6037186201,"Census Tract 1862.01, Los Angeles County, California",186201,441500,446900,475300,33800,33800
1400000US06037576801,6037576801,"Census Tract 5768.01, Los Angeles County, California",576801,394400,373900,475900,81500,81500
1400000US06037115403,6037115403,"Census Tract 1154.03, Los Angeles County, California",115403,426700,444200,475900,49200,49200
1400000US06037910804,6037910804,"Census Tract 9108.04, Los Angeles County, California",910804,486500,454200,477000,-9500,-9500
1400000US06037125501,6037125501,"Census Tract 1255.01, Los Angeles County, California",125501,496400,467800,477700,-18700,-18700
1400000US06037185203,6037185203,"Census Tract 1852.03, Los Angeles County, California",185203,350400,347700,478200,127800,127800
1400000US06037408006,6037408006,"Census Tract 4080.06, Los Angeles County, California",408006,364200,408700,478200,114000,114000
1400000US06037602403,6037602403,"Census Tract 6024.03, Los Angeles County, California",602403,473200,450600,478300,5100,5100
1400000US06037432202,6037432202,"Census Tract 4322.02, Los Angeles County, California",432202,445000,428900,478500,33500,33500
1400000US06037192700,6037192700,"Census Tract 1927, Los Angeles County, California",192700,491700,436200,478600,-13100,-13100
1400000US06037543603,6037543603,"Census Tract 5436.03, Los Angeles County, California",543603,443900,430800,478700,34800,34800
1400000US06037920112,6037920112,"Census Tract 9201.12, Los Angeles County, California",920112,428100,418100,479800,51700,51700
1400000US06037128801,6037128801,"Census Tract 1288.01, Los Angeles County, California",128801,397200,416700,480300,83100,83100
1400000US06037265303,6037265303,"Census Tract 2653.03, Los Angeles County, California",265303,439100,446700,481600,42500,42500
1400000US06037296402,6037296402,"Census Tract 2964.02, Los Angeles County, California",296402,471000,419000,481700,10700,10700
1400000US06037186404,6037186404,"Census Tract 1864.04, Los Angeles County, California",186404,433500,441500,481800,48300,48300
1400000US06037125402,6037125402,"Census Tract 1254.02, Los Angeles County, California",125402,454800,448100,482300,27500,27500
1400000US06037218400,6037218400,"Census Tract 2184, Los Angeles County, California",218400,395400,412600,482700,87300,87300
1400000US06037551000,6037551000,"Census Tract 5510, Los Angeles County, California",551000,527000,472600,482900,-44100,-44100
1400000US06037481300,6037481300,"Census Tract 4813, Los Angeles County, California",481300,485900,473700,483300,-2600,-2600
1400000US06037310501,6037310501,"Census Tract 3105.01, Los Angeles County, California",310501,420200,417500,483800,63600,63600
1400000US06037406412,6037406412,"Census Tract 4064.12, Los Angeles County, California",406412,469300,456700,484000,14700,14700
1400000US06037132002,6037132002,"Census Tract 1320.02, Los Angeles County, California",132002,437200,411900,484900,47700,47700
1400000US06037220100,6037220100,"Census Tract 2201, Los Angeles County, California",220100,492300,442700,485000,-7300,-7300
1400000US06037117302,6037117302,"Census Tract 1173.02, Los Angeles County, California",117302,470100,457600,485200,15100,15100
1400000US06037139401,6037139401,"Census Tract 1394.01, Los Angeles County, California",139401,386900,446300,485400,98500,98500
1400000US06037571504,6037571504,"Census Tract 5715.04, Los Angeles County, California",571504,418900,435900,485700,66800,66800
1400000US06037269907,6037269907,"Census Tract 2699.07, Los Angeles County, California",269907,572000,492700,485900,-86100,-86100
1400000US06037123510,6037123510,"Census Tract 1235.10, Los Angeles County, California",123510,540700,485200,486100,-54600,-54600
1400000US06037481001,6037481001,"Census Tract 4810.01, Los Angeles County, California",481001,435400,473300,486700,51300,51300
1400000US06037293301,6037293301,"Census Tract 2933.01, Los Angeles County, California",293301,469300,454300,486800,17500,17500
1400000US06037111201,6037111201,"Census Tract 1112.01, Los Angeles County, California",111201,448600,462600,486900,38300,38300
1400000US06037302506,6037302506,"Census Tract 3025.06, Los Angeles County, California",302506,565900,496600,486900,-79000,-79000
1400000US06037461901,6037461901,"Census Tract 4619.01, Los Angeles County, California",461901,427600,434500,487100,59500,59500
1400000US06037218300,6037218300,"Census Tract 2183, Los Angeles County, California",218300,462800,448900,487200,24400,24400
1400000US06037128500,6037128500,"Census Tract 1285, Los Angeles County, California",128500,457000,451300,487400,30400,30400
1400000US06037234200,6037234200,"Census Tract 2342, Los Angeles County, California",234200,422800,401200,488500,65700,65700
1400000US06037571000,6037571000,"Census Tract 5710, Los Angeles County, California",571000,458800,449100,489200,30400,30400
1400000US06037127711,6037127711,"Census Tract 1277.11, Los Angeles County, California",127711,566000,476600,490000,-76000,-76000
1400000US06037571300,6037571300,"Census Tract 5713, Los Angeles County, California",571300,483500,446600,490300,6800,6800
1400000US06037293306,6037293306,"Census Tract 2933.06, Los Angeles County, California",293306,478900,461300,490500,11600,11600
1400000US06037408705,6037408705,"Census Tract 4087.05, Los Angeles County, California",408705,420300,445200,490600,70300,70300
1400000US06037920330,6037920330,"Census Tract 9203.30, Los Angeles County, California",920330,442200,431200,490600,48400,48400
1400000US06037276603,6037276603,"Census Tract 2766.03, Los Angeles County, California",276603,439500,439300,491200,51700,51700
1400000US06037189905,6037189905,"Census Tract 1899.05, Los Angeles County, California",189905,692000,619300,491700,-200300,-200300
1400000US06037461600,6037461600,"Census Tract 4616, Los Angeles County, California",461600,445200,428800,492000,46800,46800
1400000US06037132001,6037132001,"Census Tract 1320.01, Los Angeles County, California",132001,388000,379500,492400,104400,104400
1400000US06037403303,6037403303,"Census Tract 4033.03, Los Angeles County, California",403303,485500,457200,492500,7000,7000
1400000US06037408722,6037408722,"Census Tract 4087.22, Los Angeles County, California",408722,423200,431900,492600,69400,69400
1400000US06037212101,6037212101,"Census Tract 2121.01, Los Angeles County, California",212101,414300,430000,492900,78600,78600
1400000US06037530005,6037530005,"Census Tract 5300.05, Los Angeles County, California",530005,499000,481200,493700,-5300,-5300
1400000US06037183221,6037183221,"Census Tract 1832.21, Los Angeles County, California",183221,459900,442500,494200,34300,34300
1400000US06037461501,6037461501,"Census Tract 4615.01, Los Angeles County, California",461501,448400,439700,494700,46300,46300
1400000US06037480303,6037480303,"Census Tract 4803.03, Los Angeles County, California",480303,454200,444600,495300,41100,41100
1400000US06037480903,6037480903,"Census Tract 4809.03, Los Angeles County, California",480903,461700,482700,495500,33800,33800
1400000US06037400403,6037400403,"Census Tract 4004.03, Los Angeles County, California",400403,479000,474600,495800,16800,16800
1400000US06037702901,6037702901,"Census Tract 7029.01, Los Angeles County, California",702901,466100,536300,495900,29800,29800
1400000US06037190901,6037190901,"Census Tract 1909.01, Los Angeles County, California",190901,465600,289300,496000,30400,30400
1400000US06037463500,6037463500,"Census Tract 4635, Los Angeles County, California",463500,430200,440100,497000,66800,66800
1400000US06037192520,6037192520,"Census Tract 1925.20, Los Angeles County, California",192520,543900,466000,497300,-46600,-46600
1400000US06037207501,6037207501,"Census Tract 2075.01, Los Angeles County, California",207501,380700,373500,497400,116700,116700
1400000US06037191203,6037191203,"Census Tract 1912.03, Los Angeles County, California",191203,647200,551200,497400,-149800,-149800
1400000US06037125502,6037125502,"Census Tract 1255.02, Los Angeles County, California",125502,468000,465400,499300,31300,31300
1400000US06037433601,6037433601,"Census Tract 4336.01, Los Angeles County, California",433601,441100,460200,499400,58300,58300
1400000US06037221303,6037221303,"Census Tract 2213.03, Los Angeles County, California",221303,315400,280000,500000,184600,184600
1400000US06037501501,6037501501,"Census Tract 5015.01, Los Angeles County, California",501501,513900,467800,500000,-13900,-13900
1400000US06037462002,6037462002,"Census Tract 4620.02, Los Angeles County, California",462002,533800,483700,500000,-33800,-33800
1400000US06037115201,6037115201,"Census Tract 1152.01, Los Angeles County, California",115201,518800,458600,500400,-18400,-18400
1400000US06037920314,6037920314,"Census Tract 9203.14, Los Angeles County, California",920314,462900,459200,500500,37600,37600
1400000US06037181600,6037181600,"Census Tract 1816, Los Angeles County, California",181600,479800,460600,501400,21600,21600
1400000US06037920115,6037920115,"Census Tract 9201.15, Los Angeles County, California",920115,490900,484400,501700,10800,10800
1400000US06037650800,6037650800,"Census Tract 6508, Los Angeles County, California",650800,532200,521700,501800,-30400,-30400
1400000US06037206010,6037206010,"Census Tract 2060.10, Los Angeles County, California",206010,371100,347600,502400,131300,131300
1400000US06037183610,6037183610,"Census Tract 1836.10, Los Angeles County, California",183610,406000,413400,502400,96400,96400
1400000US06037481712,6037481712,"Census Tract 4817.12, Los Angeles County, California",481712,454400,459400,502500,48100,48100
1400000US06037481103,6037481103,"Census Tract 4811.03, Los Angeles County, California",481103,524800,507200,503000,-21800,-21800
1400000US06037481902,6037481902,"Census Tract 4819.02, Los Angeles County, California",481902,431100,455800,503100,72000,72000
1400000US06037192510,6037192510,"Census Tract 1925.10, Los Angeles County, California",192510,520600,473700,503200,-17400,-17400
1400000US06037102103,6037102103,"Census Tract 1021.03, Los Angeles County, California",102103,485600,489500,503300,17700,17700
1400000US06037101300,6037101300,"Census Tract 1013, Los Angeles County, California",101300,482700,453300,504400,21700,21700
1400000US06037403317,6037403317,"Census Tract 4033.17, Los Angeles County, California",403317,454800,457200,504500,49700,49700
1400000US06037296401,6037296401,"Census Tract 2964.01, Los Angeles County, California",296401,509200,451300,505100,-4100,-4100
1400000US06037480803,6037480803,"Census Tract 4808.03, Los Angeles County, California",480803,497300,478600,505200,7900,7900
1400000US06037431001,6037431001,"Census Tract 4310.01, Los Angeles County, California",431001,461100,470600,505500,44400,44400
1400000US06037221601,6037221601,"Census Tract 2216.01, Los Angeles County, California",221601,463800,381800,505800,42000,42000
1400000US06037123700,6037123700,"Census Tract 1237, Los Angeles County, California",123700,423200,454500,506500,83300,83300
1400000US06037573700,6037573700,"Census Tract 5737, Los Angeles County, California",573700,476500,461900,506700,30200,30200
1400000US06037276604,6037276604,"Census Tract 2766.04, Los Angeles County, California",276604,487400,491800,506700,19300,19300
1400000US06037221120,6037221120,"Census Tract 2211.20, Los Angeles County, California",221120,403800,292500,507100,103300,103300
1400000US06037195903,6037195903,"Census Tract 1959.03, Los Angeles County, California",195903,459600,472800,507200,47600,47600
1400000US06037403319,6037403319,"Census Tract 4033.19, Los Angeles County, California",403319,467100,498800,507900,40800,40800
1400000US06037602200,6037602200,"Census Tract 6022, Los Angeles County, California",602200,501100,470300,508000,6900,6900
1400000US06037601301,6037601301,"Census Tract 6013.01, Los Angeles County, California",601301,465800,418600,508400,42600,42600
1400000US06037186401,6037186401,"Census Tract 1864.01, Los Angeles County, California",186401,371400,388300,508600,137200,137200
1400000US06037920114,6037920114,"Census Tract 9201.14, Los Angeles County, California",920114,430300,450500,509000,78700,78700
1400000US06037576802,6037576802,"Census Tract 5768.02, Los Angeles County, California",576802,451600,444200,509600,58000,58000
1400000US06037221110,6037221110,"Census Tract 2211.10, Los Angeles County, California",221110,500000,460000,509800,9800,9800
1400000US06037481605,6037481605,"Census Tract 4816.05, Los Angeles County, California",481605,481900,496900,510100,28200,28200
1400000US06037195720,6037195720,"Census Tract 1957.20, Los Angeles County, California",195720,388600,482600,510400,121800,121800
1400000US06037910810,6037910810,"Census Tract 9108.10, Los Angeles County, California",910810,474000,462900,510500,36500,36500
1400000US06037670100,6037670100,"Census Tract 6701, Los Angeles County, California",670100,525300,496500,510900,-14400,-14400
1400000US06037191901,6037191901,"Census Tract 1919.01, Los Angeles County, California",191901,682700,681000,511000,-171700,-171700
1400000US06037183620,6037183620,"Census Tract 1836.20, Los Angeles County, California",183620,443800,457900,512600,68800,68800
1400000US06037269906,6037269906,"Census Tract 2699.06, Los Angeles County, California",269906,416200,438700,512700,96500,96500
1400000US06037482303,6037482303,"Census Tract 4823.03, Los Angeles County, California",482303,461200,484600,512800,51600,51600
1400000US06037573401,6037573401,"Census Tract 5734.01, Los Angeles County, California",573401,458600,450000,513000,54400,54400
1400000US06037295103,6037295103,"Census Tract 2951.03, Los Angeles County, California",295103,445500,458200,513300,67800,67800
1400000US06037573601,6037573601,"Census Tract 5736.01, Los Angeles County, California",573601,469500,474700,514400,44900,44900
1400000US06037211802,6037211802,"Census Tract 2118.02, Los Angeles County, California",211802,215400,277100,514700,299300,299300
1400000US06037482800,6037482800,"Census Tract 4828, Los Angeles County, California",482800,456600,456400,514800,58200,58200
1400000US06037920015,6037920015,"Census Tract 9200.15, Los Angeles County, California",920015,478200,481000,515100,36900,36900
1400000US06037403316,6037403316,"Census Tract 4033.16, Los Angeles County, California",403316,452300,447400,515500,63200,63200
1400000US06037218500,6037218500,"Census Tract 2185, Los Angeles County, California",218500,359600,397700,516400,156800,156800
1400000US06037501700,6037501700,"Census Tract 5017, Los Angeles County, California",501700,514900,476500,516400,1500,1500
1400000US06037115301,6037115301,"Census Tract 1153.01, Los Angeles County, California",115301,523800,515300,517500,-6300,-6300
1400000US06037123520,6037123520,"Census Tract 1235.20, Los Angeles County, California",123520,393500,414500,518900,125400,125400
1400000US06037183101,6037183101,"Census Tract 1831.01, Los Angeles County, California",183101,417600,433000,519000,101400,101400
1400000US06037301602,6037301602,"Census Tract 3016.02, Los Angeles County, California",301602,550000,530600,519100,-30900,-30900
1400000US06037190802,6037190802,"Census Tract 1908.02, Los Angeles County, California",190802,455800,461600,519900,64100,64100
1400000US06037573403,6037573403,"Census Tract 5734.03, Los Angeles County, California",573403,483300,449300,520100,36800,36800
1400000US06037195804,6037195804,"Census Tract 1958.04, Los Angeles County, California",195804,512500,455300,520800,8300,8300
1400000US06037189902,6037189902,"Census Tract 1899.02, Los Angeles County, California",189902,685700,593400,521200,-164500,-164500
1400000US06037183222,6037183222,"Census Tract 1832.22, Los Angeles County, California",183222,523400,483200,521300,-2100,-2100
1400000US06037481101,6037481101,"Census Tract 4811.01, Los Angeles County, California",481101,387500,439100,521700,134200,134200
1400000US06037123901,6037123901,"Census Tract 1239.01, Los Angeles County, California",123901,449300,461800,522100,72800,72800
1400000US06037111301,6037111301,"Census Tract 1113.01, Los Angeles County, California",111301,441000,434600,523400,82400,82400
1400000US06037480802,6037480802,"Census Tract 4808.02, Los Angeles County, California",480802,464100,477100,523600,59500,59500
1400000US06037920026,6037920026,"Census Tract 9200.26, Los Angeles County, California",920026,691200,479600,523600,-167600,-167600
1400000US06037530006,6037530006,"Census Tract 5300.06, Los Angeles County, California",530006,511200,498400,524800,13600,13600
1400000US06037430902,6037430902,"Census Tract 4309.02, Los Angeles County, California",430902,453000,454700,525400,72400,72400
1400000US06037574901,6037574901,"Census Tract 5749.01, Los Angeles County, California",574901,560500,505400,525700,-34800,-34800
1400000US06037670002,6037670002,"Census Tract 6700.02, Los Angeles County, California",670002,504300,464700,526000,21700,21700
1400000US06037501503,6037501503,"Census Tract 5015.03, Los Angeles County, California",501503,620600,503400,527400,-93200,-93200
1400000US06037800327,6037800327,"Census Tract 8003.27, Los Angeles County, California",800327,627700,500600,527900,-99800,-99800
1400000US06037550602,6037550602,"Census Tract 5506.02, Los Angeles County, California",550602,525400,484600,528300,2900,2900
1400000US06037670001,6037670001,"Census Tract 6700.01, Los Angeles County, California",670001,471700,476600,528900,57200,57200
1400000US06037554513,6037554513,"Census Tract 5545.13, Los Angeles County, California",554513,481700,478600,529300,47600,47600
1400000US06037574300,6037574300,"Census Tract 5743, Los Angeles County, California",574300,559700,532400,529400,-30300,-30300
1400000US06037221210,6037221210,"Census Tract 2212.10, Los Angeles County, California",221210,366700,398400,530000,163300,163300
1400000US06037920109,6037920109,"Census Tract 9201.09, Los Angeles County, California",920109,509100,489900,530000,20900,20900
1400000US06037530003,6037530003,"Census Tract 5300.03, Los Angeles County, California",530003,493900,489100,530700,36800,36800
1400000US06037400302,6037400302,"Census Tract 4003.02, Los Angeles County, California",400302,445400,463000,531600,86200,86200
1400000US06037920016,6037920016,"Census Tract 9200.16, Los Angeles County, California",920016,525200,493500,531600,6400,6400
1400000US06037115104,6037115104,"Census Tract 1151.04, Los Angeles County, California",115104,535600,562900,531700,-3900,-3900
1400000US06037102107,6037102107,"Census Tract 1021.07, Los Angeles County, California",102107,540300,506400,531800,-8500,-8500
1400000US06037574100,6037574100,"Census Tract 5741, Los Angeles County, California",574100,504900,489100,532200,27300,27300
1400000US06037302505,6037302505,"Census Tract 3025.05, Los Angeles County, California",302505,299200,453100,532600,233400,233400
1400000US06037127712,6037127712,"Census Tract 1277.12, Los Angeles County, California",127712,412200,390400,533900,121700,121700
1400000US06037311801,6037311801,"Census Tract 3118.01, Los Angeles County, California",311801,549700,530000,534200,-15500,-15500
1400000US06037650001,6037650001,"Census Tract 6500.01, Los Angeles County, California",650001,517500,503700,535500,18000,18000
1400000US06037481604,6037481604,"Census Tract 4816.04, Los Angeles County, California",481604,479000,477200,535600,56600,56600
1400000US06037650300,6037650300,"Census Tract 6503, Los Angeles County, California",650300,563500,559900,536500,-27000,-27000
1400000US06037134422,6037134422,"Census Tract 1344.22, Los Angeles County, California",134422,548100,496600,536600,-11500,-11500
1400000US06037191201,6037191201,"Census Tract 1912.01, Los Angeles County, California",191201,367500,380900,536800,169300,169300
1400000US06037700300,6037700300,"Census Tract 7003, Los Angeles County, California",700300,556100,508600,537100,-19000,-19000
1400000US06037101400,6037101400,"Census Tract 1014, Los Angeles County, California",101400,459300,464200,537200,77900,77900
1400000US06037431300,6037431300,"Census Tract 4313, Los Angeles County, California",431300,560700,475400,538500,-22200,-22200
1400000US06037573800,6037573800,"Census Tract 5738, Los Angeles County, California",573800,480400,476800,539200,58800,58800
1400000US06037482702,6037482702,"Census Tract 4827.02, Los Angeles County, California",482702,431100,471600,539400,108300,108300
1400000US06037206031,6037206031,"Census Tract 2060.31, Los Angeles County, California",206031,402900,436000,540200,137300,137300
1400000US06037481202,6037481202,"Census Tract 4812.02, Los Angeles County, California",481202,467800,485100,540500,72700,72700
1400000US06037106642,6037106642,"Census Tract 1066.42, Los Angeles County, California",106642,570200,528800,540800,-29400,-29400
1400000US06037191120,6037191120,"Census Tract 1911.20, Los Angeles County, California",191120,452900,391700,541700,88800,88800
1400000US06037135102,6037135102,"Census Tract 1351.02, Los Angeles County, California",135102,461200,484000,542100,80900,80900
1400000US06037186403,6037186403,"Census Tract 1864.03, Los Angeles County, California",186403,436300,455600,542300,106000,106000
1400000US06037311100,6037311100,"Census Tract 3111, Los Angeles County, California",311100,470300,463500,542400,72100,72100
1400000US06037574202,6037574202,"Census Tract 5742.02, Los Angeles County, California",574202,497500,480900,543000,45500,45500
1400000US06037650200,6037650200,"Census Tract 6502, Los Angeles County, California",650200,526500,516000,543000,16500,16500
1400000US06037401002,6037401002,"Census Tract 4010.02, Los Angeles County, California",401002,503800,495500,543400,39600,39600
1400000US06037482301,6037482301,"Census Tract 4823.01, Los Angeles County, California",482301,435000,463100,543900,108900,108900
1400000US06037650902,6037650902,"Census Tract 6509.02, Los Angeles County, California",650902,491500,488000,543900,52400,52400
1400000US06037430723,6037430723,"Census Tract 4307.23, Los Angeles County, California",430723,533500,509400,544600,11100,11100
1400000US06037189201,6037189201,"Census Tract 1892.01, Los Angeles County, California",189201,855200,859400,544600,-310600,-310600
1400000US06037503703,6037503703,"Census Tract 5037.03, Los Angeles County, California",503703,499400,481400,544700,45300,45300
1400000US06037650004,6037650004,"Census Tract 6500.04, Los Angeles County, California",650004,487800,464200,545000,57200,57200
1400000US06037481606,6037481606,"Census Tract 4816.06, Los Angeles County, California",481606,472500,511300,545500,73000,73000
1400000US06037408629,6037408629,"Census Tract 4086.29, Los Angeles County, California",408629,493100,515900,545600,52500,52500
1400000US06037195710,6037195710,"Census Tract 1957.10, Los Angeles County, California",195710,437500,527800,546500,109000,109000
1400000US06037431502,6037431502,"Census Tract 4315.02, Los Angeles County, California",431502,450400,456500,546800,96400,96400
1400000US06037406402,6037406402,"Census Tract 4064.02, Los Angeles County, California",406402,464200,454700,546800,82600,82600
1400000US06037187200,6037187200,"Census Tract 1872, Los Angeles County, California",187200,357700,389900,547700,190000,190000
1400000US06037128400,6037128400,"Census Tract 1284, Los Angeles County, California",128400,481500,476300,548600,67100,67100
1400000US06037550500,6037550500,"Census Tract 5505, Los Angeles County, California",550500,489500,466200,549000,59500,59500
1400000US06037218800,6037218800,"Census Tract 2188, Los Angeles County, California",218800,516600,461000,549200,32600,32600
1400000US06037920032,6037920032,"Census Tract 9200.32, Los Angeles County, California",920032,473300,470000,549500,76200,76200
1400000US06037408624,6037408624,"Census Tract 4086.24, Los Angeles County, California",408624,480500,485200,550100,69600,69600
1400000US06037408623,6037408623,"Census Tract 4086.23, Los Angeles County, California",408623,447600,502200,550200,102600,102600
1400000US06037481603,6037481603,"Census Tract 4816.03, Los Angeles County, California",481603,494100,513300,550400,56300,56300
1400000US06037111206,6037111206,"Census Tract 1112.06, Los Angeles County, California",111206,530100,494400,550900,20800,20800
1400000US06037481102,6037481102,"Census Tract 4811.02, Los Angeles County, California",481102,362900,384000,551300,188400,188400
1400000US06037128220,6037128220,"Census Tract 1282.20, Los Angeles County, California",128220,489700,491200,551700,62000,62000
1400000US06037403600,6037403600,"Census Tract 4036, Los Angeles County, California",403600,529300,487300,551900,22600,22600
1400000US06037574201,6037574201,"Census Tract 5742.01, Los Angeles County, California",574201,484700,489000,552000,67300,67300
1400000US06037101122,6037101122,"Census Tract 1011.22, Los Angeles County, California",101122,465700,496500,552100,86400,86400
1400000US06037183520,6037183520,"Census Tract 1835.20, Los Angeles County, California",183520,386700,433000,552600,165900,165900
1400000US06037481500,6037481500,"Census Tract 4815, Los Angeles County, California",481500,475900,484500,552800,76900,76900
1400000US06037189101,6037189101,"Census Tract 1891.01, Los Angeles County, California",189101,552100,536400,552900,800,800
1400000US06037920043,6037920043,"Census Tract 9200.43, Los Angeles County, California",920043,492800,478000,553200,60400,60400
1400000US06037183402,6037183402,"Census Tract 1834.02, Los Angeles County, California",183402,434100,467500,553300,119200,119200
1400000US06037650102,6037650102,"Census Tract 6501.02, Los Angeles County, California",650102,475500,473800,553300,77800,77800
1400000US06037181500,6037181500,"Census Tract 1815, Los Angeles County, California",181500,467400,478500,553600,86200,86200
1400000US06037191110,6037191110,"Census Tract 1911.10, Los Angeles County, California",191110,581300,450000,553600,-27700,-27700
1400000US06037137201,6037137201,"Census Tract 1372.01, Los Angeles County, California",137201,565900,577700,553800,-12100,-12100
1400000US06037577000,6037577000,"Census Tract 5770, Los Angeles County, California",577000,371800,355100,554800,183000,183000
1400000US06037482201,6037482201,"Census Tract 4822.01, Los Angeles County, California",482201,514600,530300,554800,40200,40200
1400000US06037401800,6037401800,"Census Tract 4018, Los Angeles County, California",401800,535200,512100,555000,19800,19800
1400000US06037213202,6037213202,"Census Tract 2132.02, Los Angeles County, California",213202,395600,524300,555100,159500,159500
1400000US06037431002,6037431002,"Census Tract 4310.02, Los Angeles County, California",431002,509300,545500,555400,46100,46100
1400000US06037311200,6037311200,"Census Tract 3112, Los Angeles County, California",311200,539600,521100,555600,16000,16000
1400000US06037125200,6037125200,"Census Tract 1252, Los Angeles County, California",125200,558100,566500,555800,-2300,-2300
1400000US06037431400,6037431400,"Census Tract 4314, Los Angeles County, California",431400,468700,489700,556000,87300,87300
1400000US06037111302,6037111302,"Census Tract 1113.02, Los Angeles County, California",111302,474500,484200,556300,81800,81800
1400000US06037460401,6037460401,"Census Tract 4604.01, Los Angeles County, California",460401,591400,549300,556400,-35000,-35000
1400000US06037271702,6037271702,"Census Tract 2717.02, Los Angeles County, California",271702,683300,568100,556700,-126600,-126600
1400000US06037550800,6037550800,"Census Tract 5508, Los Angeles County, California",550800,578900,510300,557100,-21800,-21800
1400000US06037191500,6037191500,"Census Tract 1915, Los Angeles County, California",191500,505600,468200,557200,51600,51600
1400000US06037462202,6037462202,"Census Tract 4622.02, Los Angeles County, California",462202,476200,459000,557400,81200,81200
1400000US06037430003,6037430003,"Census Tract 4300.03, Los Angeles County, California",430003,525100,524800,558800,33700,33700
1400000US06037650003,6037650003,"Census Tract 6500.03, Los Angeles County, California",650003,576600,580500,559000,-17600,-17600
1400000US06037408402,6037408402,"Census Tract 4084.02, Los Angeles County, California",408402,460700,500800,559400,98700,98700
1400000US06037300400,6037300400,"Census Tract 3004, Los Angeles County, California",300400,511700,513900,559600,47900,47900
1400000US06037650604,6037650604,"Census Tract 6506.04, Los Angeles County, California",650604,594100,568300,559800,-34300,-34300
1400000US06037209200,6037209200,"Census Tract 2092, Los Angeles County, California",209200,489300,385300,560100,70800,70800
1400000US06037135203,6037135203,"Census Tract 1352.03, Los Angeles County, California",135203,485500,481600,562500,77000,77000
1400000US06037211410,6037211410,"Census Tract 2114.10, Los Angeles County, California",211410,653000,600000,562500,-90500,-90500
1400000US06037920119,6037920119,"Census Tract 9201.19, Los Angeles County, California",920119,560300,523000,562700,2400,2400
1400000US06037123800,6037123800,"Census Tract 1238, Los Angeles County, California",123800,545500,548900,562900,17400,17400
1400000US06037461100,6037461100,"Census Tract 4611, Los Angeles County, California",461100,548900,528700,562900,14000,14000
1400000US06037910813,6037910813,"Census Tract 9108.13, Los Angeles County, California",910813,583900,473800,563600,-20300,-20300
1400000US06037500300,6037500300,"Census Tract 5003, Los Angeles County, California",500300,543400,545300,563800,20400,20400
1400000US06037572001,6037572001,"Census Tract 5720.01, Los Angeles County, California",572001,564400,547800,563900,-500,-500
1400000US06037403321,6037403321,"Census Tract 4033.21, Los Angeles County, California",403321,499200,497200,564600,65400,65400
1400000US06037481401,6037481401,"Census Tract 4814.01, Los Angeles County, California",481401,554200,555600,565000,10800,10800
1400000US06037302102,6037302102,"Census Tract 3021.02, Los Angeles County, California",302102,530700,531200,566300,35600,35600
1400000US06037408625,6037408625,"Census Tract 4086.25, Los Angeles County, California",408625,542800,492500,566600,23800,23800
1400000US06037461902,6037461902,"Census Tract 4619.02, Los Angeles County, California",461902,423100,625000,566700,143600,143600
1400000US06037700502,6037700502,"Census Tract 7005.02, Los Angeles County, California",700502,635400,498800,566700,-68700,-68700
1400000US06037123902,6037123902,"Census Tract 1239.02, Los Angeles County, California",123902,499600,489500,566900,67300,67300
1400000US06037482600,6037482600,"Census Tract 4826, Los Angeles County, California",482600,502900,507700,566900,64000,64000
1400000US06037113232,6037113232,"Census Tract 1132.32, Los Angeles County, California",113232,549500,505000,566900,17400,17400
1400000US06037650901,6037650901,"Census Tract 6509.01, Los Angeles County, California",650901,500900,549400,567100,66200,66200
1400000US06037108102,6037108102,"Census Tract 1081.02, Los Angeles County, California",108102,592200,562400,567200,-25000,-25000
1400000US06037297601,6037297601,"Census Tract 2976.01, Los Angeles County, California",297601,597800,633300,567300,-30500,-30500
1400000US06037482102,6037482102,"Census Tract 4821.02, Los Angeles County, California",482102,514200,551400,567500,53300,53300
1400000US06037134423,6037134423,"Census Tract 1344.23, Los Angeles County, California",134423,577700,540800,568400,-9300,-9300
1400000US06037113322,6037113322,"Census Tract 1133.22, Los Angeles County, California",113322,477200,483800,568500,91300,91300
1400000US06037135202,6037135202,"Census Tract 1352.02, Los Angeles County, California",135202,464700,476100,569400,104700,104700
1400000US06037186302,6037186302,"Census Tract 1863.02, Los Angeles County, California",186302,468700,462500,569500,100800,100800
1400000US06037430724,6037430724,"Census Tract 4307.24, Los Angeles County, California",430724,517400,536200,570600,53200,53200
1400000US06037481402,6037481402,"Census Tract 4814.02, Los Angeles County, California",481402,494600,539600,570800,76200,76200
1400000US06037670003,6037670003,"Census Tract 6700.03, Los Angeles County, California",670003,413600,408600,571400,157800,157800
1400000US06037191302,6037191302,"Census Tract 1913.02, Los Angeles County, California",191302,610500,558800,571700,-38800,-38800
1400000US06037462100,6037462100,"Census Tract 4621, Los Angeles County, California",462100,590100,553600,572100,-18000,-18000
1400000US06037432101,6037432101,"Census Tract 4321.01, Los Angeles County, California",432101,507700,504800,573500,65800,65800
1400000US06037574400,6037574400,"Census Tract 5744, Los Angeles County, California",574400,522300,532000,573600,51300,51300
1400000US06037311000,6037311000,"Census Tract 3110, Los Angeles County, California",311000,534800,511400,573800,39000,39000
1400000US06037208402,6037208402,"Census Tract 2084.02, Los Angeles County, California",208402,461800,467700,574400,112600,112600
1400000US06037481901,6037481901,"Census Tract 4819.01, Los Angeles County, California",481901,570300,559500,574500,4200,4200
1400000US06037408628,6037408628,"Census Tract 4086.28, Los Angeles County, California",408628,516400,536700,575000,58600,58600
1400000US06037550901,6037550901,"Census Tract 5509.01, Los Angeles County, California",550901,441000,476200,575500,134500,134500
1400000US06037651102,6037651102,"Census Tract 6511.02, Los Angeles County, California",651102,555400,549700,575600,20200,20200
1400000US06037920312,6037920312,"Census Tract 9203.12, Los Angeles County, California",920312,566900,539800,577300,10400,10400
1400000US06037302503,6037302503,"Census Tract 3025.03, Los Angeles County, California",302503,377700,509600,577400,199700,199700
1400000US06037554521,6037554521,"Census Tract 5545.21, Los Angeles County, California",554521,576800,549200,577500,700,700
1400000US06037650101,6037650101,"Census Tract 6501.01, Los Angeles County, California",650101,532100,565800,578000,45900,45900
1400000US06037271802,6037271802,"Census Tract 2718.02, Los Angeles County, California",271802,610800,578800,579500,-31300,-31300
1400000US06037554514,6037554514,"Census Tract 5545.14, Los Angeles County, California",554514,539500,558500,580800,41300,41300
1400000US06037113101,6037113101,"Census Tract 1131.01, Los Angeles County, California",113101,591500,559600,581000,-10500,-10500
1400000US06037700200,6037700200,"Census Tract 7002, Los Angeles County, California",700200,607500,567800,581000,-26500,-26500
1400000US06037189903,6037189903,"Census Tract 1899.03, Los Angeles County, California",189903,486400,554000,581200,94800,94800
1400000US06037554515,6037554515,"Census Tract 5545.15, Los Angeles County, California",554515,538000,555600,581500,43500,43500
1400000US06037920326,6037920326,"Census Tract 9203.26, Los Angeles County, California",920326,491300,487200,582300,91000,91000
1400000US06037311600,6037311600,"Census Tract 3116, Los Angeles County, California",311600,508000,520700,582700,74700,74700
1400000US06037183104,6037183104,"Census Tract 1831.04, Los Angeles County, California",183104,481400,499100,583600,102200,102200
1400000US06037481800,6037481800,"Census Tract 4818, Los Angeles County, California",481800,544900,563700,583600,38700,38700
1400000US06037181300,6037181300,"Census Tract 1813, Los Angeles County, California",181300,567800,575100,583800,16000,16000
1400000US06037275500,6037275500,"Census Tract 2755, Los Angeles County, California",275500,576700,550000,584400,7700,7700
1400000US06037503602,6037503602,"Census Tract 5036.02, Los Angeles County, California",503602,546300,518900,584700,38400,38400
1400000US06037211122,6037211122,"Census Tract 2111.22, Los Angeles County, California",211122,372200,,584800,212600,212600
1400000US06037132900,6037132900,"Census Tract 1329, Los Angeles County, California",132900,527000,521100,584800,57800,57800
1400000US06037191420,6037191420,"Census Tract 1914.20, Los Angeles County, California",191420,518800,516400,585000,66200,66200
1400000US06037301601,6037301601,"Census Tract 3016.01, Los Angeles County, California",301601,543500,428600,586400,42900,42900
1400000US06037703100,6037703100,"Census Tract 7031, Los Angeles County, California",703100,592200,518400,587600,-4600,-4600
1400000US06037297300,6037297300,"Census Tract 2973, Los Angeles County, California",297300,555300,603000,588000,32700,32700
1400000US06037310900,6037310900,"Census Tract 3109, Los Angeles County, California",310900,506800,540400,588500,81700,81700
1400000US06037139001,6037139001,"Census Tract 1390.01, Los Angeles County, California",139001,535900,567700,588900,53000,53000
1400000US06037574500,6037574500,"Census Tract 5745, Los Angeles County, California",574500,557800,542100,588900,31100,31100
1400000US06037124102,6037124102,"Census Tract 1241.02, Los Angeles County, California",124102,561100,537100,589500,28400,28400
1400000US06037408005,6037408005,"Census Tract 4080.05, Los Angeles County, California",408005,586000,602000,589500,3500,3500
1400000US06037573002,6037573002,"Census Tract 5730.02, Los Angeles County, California",573002,288900,370300,589800,300900,300900
1400000US06037135201,6037135201,"Census Tract 1352.01, Los Angeles County, California",135201,491800,547700,590600,98800,98800
1400000US06037481713,6037481713,"Census Tract 4817.13, Los Angeles County, California",481713,497800,515000,591100,93300,93300
1400000US06037980024,6037980024,"Census Tract 9800.24, Los Angeles County, California",980024,657100,586700,591300,-65800,-65800
1400000US06037124400,6037124400,"Census Tract 1244, Los Angeles County, California",124400,534200,532300,591400,57200,57200
1400000US06037574000,6037574000,"Census Tract 5740, Los Angeles County, California",574000,566600,557600,591500,24900,24900
1400000US06037191204,6037191204,"Census Tract 1912.04, Los Angeles County, California",191204,460000,555600,592200,132200,132200
1400000US06037270200,6037270200,"Census Tract 2702, Los Angeles County, California",270200,554900,548100,592500,37600,37600
1400000US06037301206,6037301206,"Census Tract 3012.06, Los Angeles County, California",301206,613800,579600,592500,-21300,-21300
1400000US06037125310,6037125310,"Census Tract 1253.10, Los Angeles County, California",125310,445800,427600,592600,146800,146800
1400000US06037480011,6037480011,"Census Tract 4800.11, Los Angeles County, California",480011,493500,515900,592700,99200,99200
1400000US06037400402,6037400402,"Census Tract 4004.02, Los Angeles County, California",400402,543400,565000,593200,49800,49800
1400000US06037555202,6037555202,"Census Tract 5552.02, Los Angeles County, California",555202,550900,557400,593300,42400,42400
1400000US06037185100,6037185100,"Census Tract 1851, Los Angeles County, California",185100,523700,549500,594600,70900,70900
1400000US06037300600,6037300600,"Census Tract 3006, Los Angeles County, California",300600,577200,582400,594900,17700,17700
1400000US06037480302,6037480302,"Census Tract 4803.02, Los Angeles County, California",480302,533400,533100,595400,62000,62000
1400000US06037401304,6037401304,"Census Tract 4013.04, Los Angeles County, California",401304,563300,561000,595700,32400,32400
1400000US06037577602,6037577602,"Census Tract 5776.02, Los Angeles County, California",577602,544700,568700,596100,51400,51400
1400000US06037181400,6037181400,"Census Tract 1814, Los Angeles County, California",181400,464200,466300,596200,132000,132000
1400000US06037123602,6037123602,"Census Tract 1236.02, Los Angeles County, California",123602,535500,501400,596300,60800,60800
1400000US06037209810,6037209810,"Census Tract 2098.10, Los Angeles County, California",209810,571400,616700,597200,25800,25800
1400000US06037137104,6037137104,"Census Tract 1371.04, Los Angeles County, California",137104,577700,569800,598000,20300,20300
1400000US06037920107,6037920107,"Census Tract 9201.07, Los Angeles County, California",920107,601400,585600,598500,-2900,-2900
1400000US06037197420,6037197420,"Census Tract 1974.20, Los Angeles County, California",197420,558700,625700,598700,40000,40000
1400000US06037301701,6037301701,"Census Tract 3017.01, Los Angeles County, California",301701,575300,569700,598700,23400,23400
1400000US06037403401,6037403401,"Census Tract 4034.01, Los Angeles County, California",403401,524900,552700,599200,74300,74300
1400000US06037310800,6037310800,"Census Tract 3108, Los Angeles County, California",310800,543600,566700,600400,56800,56800
1400000US06037218120,6037218120,"Census Tract 2181.20, Los Angeles County, California",218120,445800,514200,600500,154700,154700
1400000US06037186203,6037186203,"Census Tract 1862.03, Los Angeles County, California",186203,480200,519200,601000,120800,120800
1400000US06037192420,6037192420,"Census Tract 1924.20, Los Angeles County, California",192420,547600,522200,601500,53900,53900
1400000US06037211310,6037211310,"Census Tract 2113.10, Los Angeles County, California",211310,456800,460700,602300,145500,145500
1400000US06037550902,6037550902,"Census Tract 5509.02, Los Angeles County, California",550902,462900,544300,602900,140000,140000
1400000US06037236400,6037236400,"Census Tract 2364, Los Angeles County, California",236400,586900,552000,603000,16100,16100
1400000US06037143200,6037143200,"Census Tract 1432, Los Angeles County, California",143200,480100,506800,603800,123700,123700
1400000US06037106641,6037106641,"Census Tract 1066.41, Los Angeles County, California",106641,569800,556200,604700,34900,34900
1400000US06037187102,6037187102,"Census Tract 1871.02, Los Angeles County, California",187102,566600,560100,605400,38800,38800
1400000US06037195300,6037195300,"Census Tract 1953, Los Angeles County, California",195300,582900,552300,605700,22800,22800
1400000US06037310602,6037310602,"Census Tract 3106.02, Los Angeles County, California",310602,686000,613500,606600,-79400,-79400
1400000US06037297000,6037297000,"Census Tract 2970, Los Angeles County, California",297000,573500,565300,607000,33500,33500
1400000US06037195901,6037195901,"Census Tract 1959.01, Los Angeles County, California",195901,462500,481400,607100,144600,144600
1400000US06037311300,6037311300,"Census Tract 3113, Los Angeles County, California",311300,547100,559600,607700,60600,60600
1400000US06037576700,6037576700,"Census Tract 5767, Los Angeles County, California",576700,467800,481000,608000,140200,140200
1400000US06037401001,6037401001,"Census Tract 4010.01, Los Angeles County, California",401001,596200,589300,608200,12000,12000
1400000US06037432102,6037432102,"Census Tract 4321.02, Los Angeles County, California",432102,554000,578500,609300,55300,55300
1400000US06037571200,6037571200,"Census Tract 5712, Los Angeles County, California",571200,601800,588100,609600,7800,7800
1400000US06037191810,6037191810,"Census Tract 1918.10, Los Angeles County, California",191810,516700,473300,610000,93300,93300
1400000US06037310400,6037310400,"Census Tract 3104, Los Angeles County, California",310400,611600,599100,610200,-1400,-1400
1400000US06037218110,6037218110,"Census Tract 2181.10, Los Angeles County, California",218110,458200,492100,610400,152200,152200
1400000US06037460200,6037460200,"Census Tract 4602, Los Angeles County, California",460200,553100,535200,610500,57400,57400
1400000US06037300501,6037300501,"Census Tract 3005.01, Los Angeles County, California",300501,588800,565100,610600,21800,21800
1400000US06037480102,6037480102,"Census Tract 4801.02, Los Angeles County, California",480102,565900,559000,611300,45400,45400
1400000US06037703200,6037703200,"Census Tract 7032, Los Angeles County, California",703200,548100,496300,612300,64200,64200
1400000US06037554518,6037554518,"Census Tract 5545.18, Los Angeles County, California",554518,605900,602500,613500,7600,7600
1400000US06037403322,6037403322,"Census Tract 4033.22, Los Angeles County, California",403322,520300,554400,613700,93400,93400
1400000US06037403408,6037403408,"Census Tract 4034.08, Los Angeles County, California",403408,583500,579100,613800,30300,30300
1400000US06037211420,6037211420,"Census Tract 2114.20, Los Angeles County, California",211420,557600,572100,614000,56400,56400
1400000US06037302302,6037302302,"Census Tract 3023.02, Los Angeles County, California",302302,436500,482600,614600,178100,178100
1400000US06037920339,6037920339,"Census Tract 9203.39, Los Angeles County, California",920339,600900,565100,615300,14400,14400
1400000US06037207900,6037207900,"Census Tract 2079, Los Angeles County, California",207900,457400,467200,615700,158300,158300
1400000US06037186100,6037186100,"Census Tract 1861, Los Angeles County, California",186100,497200,507200,616800,119600,119600
1400000US06037115401,6037115401,"Census Tract 1154.01, Los Angeles County, California",115401,462200,497100,617000,154800,154800
1400000US06037195802,6037195802,"Census Tract 1958.02, Los Angeles County, California",195802,407800,407900,617200,209400,209400
1400000US06037460301,6037460301,"Census Tract 4603.01, Los Angeles County, California",460301,549700,562900,617200,67500,67500
1400000US06037300502,6037300502,"Census Tract 3005.02, Los Angeles County, California",300502,561400,511900,617400,56000,56000
1400000US06037267403,6037267403,"Census Tract 2674.03, Los Angeles County, California",267403,546500,544100,617500,71000,71000
1400000US06037481201,6037481201,"Census Tract 4812.01, Los Angeles County, California",481201,564000,584800,618000,54000,54000
1400000US06037211320,6037211320,"Census Tract 2113.20, Los Angeles County, California",211320,300000,,618100,318100,318100
1400000US06037920110,6037920110,"Census Tract 9201.10, Los Angeles County, California",920110,596000,567400,618400,22400,22400
1400000US06037554522,6037554522,"Census Tract 5545.22, Los Angeles County, California",554522,599100,576000,618500,19400,19400
1400000US06037275603,6037275603,"Census Tract 2756.03, Los Angeles County, California",275603,622600,583600,618600,-4000,-4000
1400000US06037189102,6037189102,"Census Tract 1891.02, Los Angeles County, California",189102,488200,535900,618900,130700,130700
1400000US06037214901,6037214901,"Census Tract 2149.01, Los Angeles County, California",214901,554700,774100,619200,64500,64500
1400000US06037113231,6037113231,"Census Tract 1132.31, Los Angeles County, California",113231,600300,583600,619700,19400,19400
1400000US06037651401,6037651401,"Census Tract 6514.01, Los Angeles County, California",651401,552900,558600,619800,66900,66900
1400000US06037408505,6037408505,"Census Tract 4085.05, Los Angeles County, California",408505,540100,558600,620000,79900,79900
1400000US06037651001,6037651001,"Census Tract 6510.01, Los Angeles County, California",651001,603000,598200,620200,17200,17200
1400000US06037403325,6037403325,"Census Tract 4033.25, Los Angeles County, California",403325,556000,566100,621200,65200,65200
1400000US06037106603,6037106603,"Census Tract 1066.03, Los Angeles County, California",106603,609300,602300,621900,12600,12600
1400000US06037482001,6037482001,"Census Tract 4820.01, Los Angeles County, California",482001,571900,610800,622700,50800,50800
1400000US06037403402,6037403402,"Census Tract 4034.02, Los Angeles County, California",403402,576200,584600,622700,46500,46500
1400000US06037188300,6037188300,"Census Tract 1883, Los Angeles County, California",188300,600900,587100,623000,22100,22100
1400000US06037403406,6037403406,"Census Tract 4034.06, Los Angeles County, California",403406,585600,596900,623400,37800,37800
1400000US06037501600,6037501600,"Census Tract 5016, Los Angeles County, California",501600,647600,611400,623800,-23800,-23800
1400000US06037267402,6037267402,"Census Tract 2674.02, Los Angeles County, California",267402,563400,574600,624400,61000,61000
1400000US06037462700,6037462700,"Census Tract 4627, Los Angeles County, California",462700,475200,532900,624600,149400,149400
1400000US06037190902,6037190902,"Census Tract 1909.02, Los Angeles County, California",190902,643400,642900,625000,-18400,-18400
1400000US06037401902,6037401902,"Census Tract 4019.02, Los Angeles County, California",401902,582200,577100,626200,44000,44000
1400000US06037197600,6037197600,"Census Tract 1976, Los Angeles County, California",197600,748000,626100,626200,-121800,-121800
1400000US06037187101,6037187101,"Census Tract 1871.01, Los Angeles County, California",187101,509300,525000,627000,117700,117700
1400000US06037190801,6037190801,"Census Tract 1908.01, Los Angeles County, California",190801,671900,584300,627900,-44000,-44000
1400000US06037139502,6037139502,"Census Tract 1395.02, Los Angeles County, California",139502,564800,574800,628000,63200,63200
1400000US06037221402,6037221402,"Census Tract 2214.02, Los Angeles County, California",221402,546900,563400,628600,81700,81700
1400000US06037301501,6037301501,"Census Tract 3015.01, Los Angeles County, California",301501,620500,615500,629000,8500,8500
1400000US06037137502,6037137502,"Census Tract 1375.02, Los Angeles County, California",137502,598600,584400,629200,30600,30600
1400000US06037192620,6037192620,"Census Tract 1926.20, Los Angeles County, California",192620,658300,573300,629300,-29000,-29000
1400000US06037264102,6037264102,"Census Tract 2641.02, Los Angeles County, California",264102,640700,590800,629700,-11000,-11000
1400000US06037400207,6037400207,"Census Tract 4002.07, Los Angeles County, California",400207,603800,571500,630500,26700,26700
1400000US06037192610,6037192610,"Census Tract 1926.10, Los Angeles County, California",192610,584700,459500,631000,46300,46300
1400000US06037408503,6037408503,"Census Tract 4085.03, Los Angeles County, California",408503,560300,567500,631100,70800,70800
1400000US06037207710,6037207710,"Census Tract 2077.10, Los Angeles County, California",207710,471600,496400,631400,159800,159800
1400000US06037267501,6037267501,"Census Tract 2675.01, Los Angeles County, California",267501,606000,599000,632800,26800,26800
1400000US06037463400,6037463400,"Census Tract 4634, Los Angeles County, California",463400,744500,658700,633300,-111200,-111200
1400000US06037403305,6037403305,"Census Tract 4033.05, Los Angeles County, California",403305,552700,598900,633500,80800,80800
1400000US06037480400,6037480400,"Census Tract 4804, Los Angeles County, California",480400,573600,548400,633800,60200,60200
1400000US06037800331,6037800331,"Census Tract 8003.31, Los Angeles County, California",800331,629100,610800,634400,5300,5300
1400000US06037300301,6037300301,"Census Tract 3003.01, Los Angeles County, California",300301,604000,603900,634500,30500,30500
1400000US06037554517,6037554517,"Census Tract 5545.17, Los Angeles County, California",554517,629500,626500,634500,5000,5000
1400000US06037106645,6037106645,"Census Tract 1066.45, Los Angeles County, California",106645,580100,576400,634800,54700,54700
1400000US06037267300,6037267300,"Census Tract 2673, Los Angeles County, California",267300,544600,610500,634900,90300,90300
1400000US06037275200,6037275200,"Census Tract 2752, Los Angeles County, California",275200,536000,498100,635300,99300,99300
1400000US06037128702,6037128702,"Census Tract 1287.02, Los Angeles County, California",128702,594400,596500,635400,41000,41000
1400000US06037408627,6037408627,"Census Tract 4086.27, Los Angeles County, California",408627,597800,614300,635500,37700,37700
1400000US06037920338,6037920338,"Census Tract 9203.38, Los Angeles County, California",920338,613300,609100,636400,23100,23100
1400000US06037218220,6037218220,"Census Tract 2182.20, Los Angeles County, California",218220,485200,475000,636900,151700,151700
1400000US06037269903,6037269903,"Census Tract 2699.03, Los Angeles County, California",269903,500000,578500,637200,137200,137200
1400000US06037403323,6037403323,"Census Tract 4033.23, Los Angeles County, California",403323,549100,578600,638500,89400,89400
1400000US06037128802,6037128802,"Census Tract 1288.02, Los Angeles County, California",128802,564600,582700,638500,73900,73900
1400000US06037311400,6037311400,"Census Tract 3114, Los Angeles County, California",311400,637000,628400,638600,1600,1600
1400000US06037461300,6037461300,"Census Tract 4613, Los Angeles County, California",461300,638700,618800,638800,100,100
1400000US06037213320,6037213320,"Census Tract 2133.20, Los Angeles County, California",213320,511400,526800,638900,127500,127500
1400000US06037269601,6037269601,"Census Tract 2696.01, Los Angeles County, California",269601,654700,653300,640200,-14500,-14500
1400000US06037463101,6037463101,"Census Tract 4631.01, Los Angeles County, California",463101,518900,578800,641000,122100,122100
1400000US06037108104,6037108104,"Census Tract 1081.04, Los Angeles County, California",108104,620200,629600,641000,20800,20800
1400000US06037462500,6037462500,"Census Tract 4625, Los Angeles County, California",462500,635200,620400,641200,6000,6000
1400000US06037800328,6037800328,"Census Tract 8003.28, Los Angeles County, California",800328,638100,607500,641500,3400,3400
1400000US06037216401,6037216401,"Census Tract 2164.01, Los Angeles County, California",216401,630200,618500,642000,11800,11800
1400000US06037400206,6037400206,"Census Tract 4002.06, Los Angeles County, California",400206,627900,613000,642500,14600,14600
1400000US06037800324,6037800324,"Census Tract 8003.24, Los Angeles County, California",800324,621600,623900,642600,21000,21000
1400000US06037113237,6037113237,"Census Tract 1132.37, Los Angeles County, California",113237,612500,593800,642800,30300,30300
1400000US06037650701,6037650701,"Census Tract 6507.01, Los Angeles County, California",650701,655200,638600,642900,-12300,-12300
1400000US06037554512,6037554512,"Census Tract 5545.12, Los Angeles County, California",554512,646200,630000,643100,-3100,-3100
1400000US06037185202,6037185202,"Census Tract 1852.02, Los Angeles County, California",185202,446000,518500,643200,197200,197200
1400000US06037461700,6037461700,"Census Tract 4617, Los Angeles County, California",461700,722500,653200,643700,-78800,-78800
1400000US06037430801,6037430801,"Census Tract 4308.01, Los Angeles County, California",430801,540300,589000,644400,104100,104100
1400000US06037108201,6037108201,"Census Tract 1082.01, Los Angeles County, California",108201,626100,602500,644600,18500,18500
1400000US06037602302,6037602302,"Census Tract 6023.02, Los Angeles County, California",602302,619800,618400,644700,24900,24900
1400000US06037701701,6037701701,"Census Tract 7017.01, Los Angeles County, California",701701,588900,612100,644900,56000,56000
1400000US06037141101,6037141101,"Census Tract 1411.01, Los Angeles County, California",141101,606300,596200,645100,38800,38800
1400000US06037431800,6037431800,"Census Tract 4318, Los Angeles County, California",431800,561100,562100,645400,84300,84300
1400000US06037408626,6037408626,"Census Tract 4086.26, Los Angeles County, California",408626,646700,638500,646600,-100,-100
1400000US06037431900,6037431900,"Census Tract 4319, Los Angeles County, California",431900,595300,584400,647200,51900,51900
1400000US06037272202,6037272202,"Census Tract 2722.02, Los Angeles County, California",272202,581500,533700,647300,65800,65800
1400000US06037650401,6037650401,"Census Tract 6504.01, Los Angeles County, California",650401,629300,623800,648400,19100,19100
1400000US06037128602,6037128602,"Census Tract 1286.02, Los Angeles County, California",128602,691700,605400,648400,-43300,-43300
1400000US06037462800,6037462800,"Census Tract 4628, Los Angeles County, California",462800,622300,588800,648800,26500,26500
1400000US06037311700,6037311700,"Census Tract 3117, Los Angeles County, California",311700,585100,568200,649500,64400,64400
1400000US06037103300,6037103300,"Census Tract 1033, Los Angeles County, California",103300,643700,628400,649900,6200,6200
1400000US06037191710,6037191710,"Census Tract 1917.10, Los Angeles County, California",191710,458100,423500,650000,191900,191900
1400000US06037141201,6037141201,"Census Tract 1412.01, Los Angeles County, California",141201,631700,651900,650200,18500,18500
1400000US06037275102,6037275102,"Census Tract 2751.02, Los Angeles County, California",275102,618200,596400,650400,32200,32200
1400000US06037462900,6037462900,"Census Tract 4629, Los Angeles County, California",462900,580700,583900,651000,70300,70300
1400000US06037108101,6037108101,"Census Tract 1081.01, Los Angeles County, California",108101,596600,588800,651400,54800,54800
1400000US06037311500,6037311500,"Census Tract 3115, Los Angeles County, California",311500,576900,585800,651800,74900,74900
1400000US06037461400,6037461400,"Census Tract 4614, Los Angeles County, California",461400,653600,626900,651800,-1800,-1800
1400000US06037482002,6037482002,"Census Tract 4820.02, Los Angeles County, California",482002,550400,613900,652000,101600,101600
1400000US06037430302,6037430302,"Census Tract 4303.02, Los Angeles County, California",430302,636500,656700,652000,15500,15500
1400000US06037128910,6037128910,"Census Tract 1289.10, Los Angeles County, California",128910,606500,584300,652200,45700,45700
1400000US06037577100,6037577100,"Census Tract 5771, Los Angeles County, California",577100,654000,638200,653000,-1000,-1000
1400000US06037218900,6037218900,"Census Tract 2189, Los Angeles County, California",218900,531900,395900,653400,121500,121500
1400000US06037554511,6037554511,"Census Tract 5545.11, Los Angeles County, California",554511,618200,628700,653700,35500,35500
1400000US06037137401,6037137401,"Census Tract 1374.01, Los Angeles County, California",137401,628600,605100,653900,25300,25300
1400000US06037224420,6037224420,"Census Tract 2244.20, Los Angeles County, California",224420,512500,513200,654400,141900,141900
1400000US06037573902,6037573902,"Census Tract 5739.02, Los Angeles County, California",573902,610600,605500,655400,44800,44800
1400000US06037554516,6037554516,"Census Tract 5545.16, Los Angeles County, California",554516,635500,636100,655600,20100,20100
1400000US06037650501,6037650501,"Census Tract 6505.01, Los Angeles County, California",650501,651400,643700,655700,4300,4300
1400000US06037195902,6037195902,"Census Tract 1959.02, Los Angeles County, California",195902,584000,614300,655800,71800,71800
1400000US06037188100,6037188100,"Census Tract 1881, Los Angeles County, California",188100,567200,560400,657300,90100,90100
1400000US06037143603,6037143603,"Census Tract 1436.03, Los Angeles County, California",143603,639000,587700,658900,19900,19900
1400000US06037277100,6037277100,"Census Tract 2771, Los Angeles County, California",277100,613600,606200,659700,46100,46100
1400000US06037500201,6037500201,"Census Tract 5002.01, Los Angeles County, California",500201,612200,603500,659800,47600,47600
1400000US06037571900,6037571900,"Census Tract 5719, Los Angeles County, California",571900,684400,664200,659800,-24600,-24600
1400000US06037480101,6037480101,"Census Tract 4801.01, Los Angeles County, California",480101,613300,637900,659900,46600,46600
1400000US06037310201,6037310201,"Census Tract 3102.01, Los Angeles County, California",310201,653300,645200,661200,7900,7900
1400000US06037650602,6037650602,"Census Tract 6506.02, Los Angeles County, California",650602,623300,627600,663100,39800,39800
1400000US06037216402,6037216402,"Census Tract 2164.02, Los Angeles County, California",216402,498800,579700,664700,165900,165900
1400000US06037430721,6037430721,"Census Tract 4307.21, Los Angeles County, California",430721,667100,658100,664800,-2300,-2300
1400000US06037195600,6037195600,"Census Tract 1956, Los Angeles County, California",195600,595700,609900,666700,71000,71000
1400000US06037310202,6037310202,"Census Tract 3102.02, Los Angeles County, California",310202,683700,685300,666700,-17000,-17000
1400000US06037195803,6037195803,"Census Tract 1958.03, Los Angeles County, California",195803,563800,544200,667100,103300,103300
1400000US06037185204,6037185204,"Census Tract 1852.04, Los Angeles County, California",185204,522900,563300,667400,144500,144500
1400000US06037195400,6037195400,"Census Tract 1954, Los Angeles County, California",195400,777600,700600,667500,-110100,-110100
1400000US06037400204,6037400204,"Census Tract 4002.04, Los Angeles County, California",400204,651800,640500,667800,16000,16000
1400000US06037480012,6037480012,"Census Tract 4800.12, Los Angeles County, California",480012,604800,625700,668500,63700,63700
1400000US06037621204,6037621204,"Census Tract 6212.04, Los Angeles County, California",621204,558500,582500,669000,110500,110500
1400000US06037197410,6037197410,"Census Tract 1974.10, Los Angeles County, California",197410,566700,559900,669000,102300,102300
1400000US06037275400,6037275400,"Census Tract 2754, Los Angeles County, California",275400,692300,633400,669200,-23100,-23100
1400000US06037620601,6037620601,"Census Tract 6206.01, Los Angeles County, California",620601,646400,632600,669700,23300,23300
1400000US06037620521,6037620521,"Census Tract 6205.21, Los Angeles County, California",620521,585200,620700,672500,87300,87300
1400000US06037137402,6037137402,"Census Tract 1374.02, Los Angeles County, California",137402,668900,646500,673600,4700,4700
1400000US06037141304,6037141304,"Census Tract 1413.04, Los Angeles County, California",141304,733600,690700,673900,-59700,-59700
1400000US06037212420,6037212420,"Census Tract 2124.20, Los Angeles County, California",212420,715900,639700,674200,-41700,-41700
1400000US06037111204,6037111204,"Census Tract 1112.04, Los Angeles County, California",111204,653900,642000,674400,20500,20500
1400000US06037403320,6037403320,"Census Tract 4033.20, Los Angeles County, California",403320,612300,633200,674600,62300,62300
1400000US06037271200,6037271200,"Census Tract 2712, Los Angeles County, California",271200,620300,682600,674700,54400,54400
1400000US06037620602,6037620602,"Census Tract 6206.02, Los Angeles County, California",620602,647300,647200,674800,27500,27500
1400000US06037401303,6037401303,"Census Tract 4013.03, Los Angeles County, California",401303,629300,632200,675800,46500,46500
1400000US06037278001,6037278001,"Census Tract 2780.01, Los Angeles County, California",278001,637700,622500,677700,40000,40000
1400000US06037800329,6037800329,"Census Tract 8003.29, Los Angeles County, California",800329,647900,690800,677700,29800,29800
1400000US06037191610,6037191610,"Census Tract 1916.10, Los Angeles County, California",191610,486200,625000,677900,191700,191700
1400000US06037218701,6037218701,"Census Tract 2187.01, Los Angeles County, California",218701,620000,606200,678100,58100,58100
1400000US06037300800,6037300800,"Census Tract 3008, Los Angeles County, California",300800,610800,620100,680800,70000,70000
1400000US06037920303,6037920303,"Census Tract 9203.03, Los Angeles County, California",920303,1000001,657700,682600,-317401,-317401
1400000US06037701801,6037701801,"Census Tract 7018.01, Los Angeles County, California",701801,622600,647800,683200,60600,60600
1400000US06037181000,6037181000,"Census Tract 1810, Los Angeles County, California",181000,633100,636800,683200,50100,50100
1400000US06037213402,6037213402,"Census Tract 2134.02, Los Angeles County, California",213402,726200,597800,683800,-42400,-42400
1400000US06037272201,6037272201,"Census Tract 2722.01, Los Angeles County, California",272201,562000,541300,686100,124100,124100
1400000US06037300200,6037300200,"Census Tract 3002, Los Angeles County, California",300200,641700,625500,686100,44400,44400
1400000US06037197300,6037197300,"Census Tract 1973, Los Angeles County, California",197300,550700,584700,687500,136800,136800
1400000US06037462400,6037462400,"Census Tract 4624, Los Angeles County, California",462400,630300,663300,687500,57200,57200
1400000US06037143602,6037143602,"Census Tract 1436.02, Los Angeles County, California",143602,666700,590300,690000,23300,23300
1400000US06037701402,6037701402,"Census Tract 7014.02, Los Angeles County, California",701402,721800,707000,690800,-31000,-31000
1400000US06037574602,6037574602,"Census Tract 5746.02, Los Angeles County, California",574602,618700,596000,692300,73600,73600
1400000US06037137302,6037137302,"Census Tract 1373.02, Los Angeles County, California",137302,656100,642700,692600,36500,36500
1400000US06037670701,6037670701,"Census Tract 6707.01, Los Angeles County, California",670701,682500,652100,696700,14200,14200
1400000US06037134421,6037134421,"Census Tract 1344.21, Los Angeles County, California",134421,641500,637600,696800,55300,55300
1400000US06037403304,6037403304,"Census Tract 4033.04, Los Angeles County, California",403304,629000,617000,697200,68200,68200
1400000US06037137000,6037137000,"Census Tract 1370, Los Angeles County, California",137000,676900,675900,697800,20900,20900
1400000US06037113301,6037113301,"Census Tract 1133.01, Los Angeles County, California",113301,694000,644500,698400,4400,4400
1400000US06037267404,6037267404,"Census Tract 2674.04, Los Angeles County, California",267404,630000,640000,698500,68500,68500
1400000US06037124600,6037124600,"Census Tract 1246, Los Angeles County, California",124600,730800,686600,699300,-31500,-31500
1400000US06037702801,6037702801,"Census Tract 7028.01, Los Angeles County, California",702801,724700,674600,699900,-24800,-24800
1400000US06037211201,6037211201,"Census Tract 2112.01, Los Angeles County, California",211201,518400,558800,700000,181600,181600
1400000US06037139301,6037139301,"Census Tract 1393.01, Los Angeles County, California",139301,569600,642900,702400,132800,132800
1400000US06037650702,6037650702,"Census Tract 6507.02, Los Angeles County, California",650702,640900,637200,702600,61700,61700
1400000US06037211121,6037211121,"Census Tract 2111.21, Los Angeles County, California",211121,450000,444400,704500,254500,254500
1400000US06037599000,6037599000,"Census Tract 5990, Los Angeles County, California",599000,750000,744900,704900,-45100,-45100
1400000US06037301000,6037301000,"Census Tract 3010, Los Angeles County, California",301000,635400,643200,705100,69700,69700
1400000US06037408706,6037408706,"Census Tract 4087.06, Los Angeles County, California",408706,648800,667400,705700,56900,56900
1400000US06037297400,6037297400,"Census Tract 2974, Los Angeles County, California",297400,684200,668600,705800,21600,21600
1400000US06037143300,6037143300,"Census Tract 1433, Los Angeles County, California",143300,676700,672100,705900,29200,29200
1400000US06037702803,6037702803,"Census Tract 7028.03, Los Angeles County, California",702803,659900,678400,706200,46300,46300
1400000US06037211202,6037211202,"Census Tract 2112.02, Los Angeles County, California",211202,692100,666700,707000,14900,14900
1400000US06037432000,6037432000,"Census Tract 4320, Los Angeles County, California",432000,622900,651700,709900,87000,87000
1400000US06037275101,6037275101,"Census Tract 2751.01, Los Angeles County, California",275101,629300,654500,711400,82100,82100
1400000US06037216700,6037216700,"Census Tract 2167, Los Angeles County, California",216700,671800,682400,711700,39900,39900
1400000US06037267700,6037267700,"Census Tract 2677, Los Angeles County, California",267700,550300,623100,711800,161500,161500
1400000US06037272302,6037272302,"Census Tract 2723.02, Los Angeles County, California",272302,588700,645500,712500,123800,123800
1400000US06037124700,6037124700,"Census Tract 1247, Los Angeles County, California",124700,723900,710400,712700,-11200,-11200
1400000US06037463102,6037463102,"Census Tract 4631.02, Los Angeles County, California",463102,724900,732900,712800,-12100,-12100
1400000US06037267200,6037267200,"Census Tract 2672, Los Angeles County, California",267200,695300,697500,714700,19400,19400
1400000US06037125100,6037125100,"Census Tract 1251, Los Angeles County, California",125100,665700,697700,715400,49700,49700
1400000US06037702400,6037702400,"Census Tract 7024, Los Angeles County, California",702400,711500,673300,715900,4400,4400
1400000US06037701502,6037701502,"Census Tract 7015.02, Los Angeles County, California",701502,615500,574500,716700,101200,101200
1400000US06037400404,6037400404,"Census Tract 4004.04, Los Angeles County, California",400404,664800,661200,716900,52100,52100
1400000US06037213100,6037213100,"Census Tract 2131, Los Angeles County, California",213100,616000,664600,717000,101000,101000
1400000US06037554519,6037554519,"Census Tract 5545.19, Los Angeles County, California",554519,659900,656500,718100,58200,58200
1400000US06037651002,6037651002,"Census Tract 6510.02, Los Angeles County, California",651002,632000,652600,720200,88200,88200
1400000US06037310300,6037310300,"Census Tract 3103, Los Angeles County, California",310300,673100,667100,722900,49800,49800
1400000US06037187300,6037187300,"Census Tract 1873, Los Angeles County, California",187300,605100,673600,723600,118500,118500
1400000US06037269700,6037269700,"Census Tract 2697, Los Angeles County, California",269700,626900,651900,723800,96900,96900
1400000US06037115101,6037115101,"Census Tract 1151.01, Los Angeles County, California",115101,684400,657400,724300,39900,39900
1400000US06037275302,6037275302,"Census Tract 2753.02, Los Angeles County, California",275302,648300,652300,724400,76100,76100
1400000US06037212701,6037212701,"Census Tract 2127.01, Los Angeles County, California",212701,655600,645800,725000,69400,69400
1400000US06037270300,6037270300,"Census Tract 2703, Los Angeles County, California",270300,603100,580700,726300,123200,123200
1400000US06037212620,6037212620,"Census Tract 2126.20, Los Angeles County, California",212620,769900,617900,726400,-43500,-43500
1400000US06037701302,6037701302,"Census Tract 7013.02, Los Angeles County, California",701302,714300,740200,726700,12400,12400
1400000US06037301205,6037301205,"Census Tract 3012.05, Los Angeles County, California",301205,631800,660200,726800,95000,95000
1400000US06037124500,6037124500,"Census Tract 1245, Los Angeles County, California",124500,644600,626400,727300,82700,82700
1400000US06037188201,6037188201,"Census Tract 1882.01, Los Angeles County, California",188201,576900,644500,727400,150500,150500
1400000US06037269800,6037269800,"Census Tract 2698, Los Angeles County, California",269800,729400,642600,727800,-1600,-1600
1400000US06037403404,6037403404,"Census Tract 4034.04, Los Angeles County, California",403404,685500,671400,728600,43100,43100
1400000US06037216900,6037216900,"Census Tract 2169, Los Angeles County, California",216900,706300,669300,729400,23100,23100
1400000US06037463200,6037463200,"Census Tract 4632, Los Angeles County, California",463200,685300,711100,729500,44200,44200
1400000US06037980019,6037980019,"Census Tract 9800.19, Los Angeles County, California",980019,567300,562500,730000,162700,162700
1400000US06037301100,6037301100,"Census Tract 3011, Los Angeles County, California",301100,647200,676200,730300,83100,83100
1400000US06037141302,6037141302,"Census Tract 1413.02, Los Angeles County, California",141302,693700,698200,730400,36700,36700
1400000US06037403324,6037403324,"Census Tract 4033.24, Los Angeles County, California",403324,726600,699000,731100,4500,4500
1400000US06037620101,6037620101,"Census Tract 6201.01, Los Angeles County, California",620101,711700,691600,731500,19800,19800
1400000US06037650502,6037650502,"Census Tract 6505.02, Los Angeles County, California",650502,695700,683300,732600,36900,36900
1400000US06037138000,6037138000,"Census Tract 1380, Los Angeles County, California",138000,687000,668700,732700,45700,45700
1400000US06037480202,6037480202,"Census Tract 4802.02, Los Angeles County, California",480202,652300,694400,733100,80800,80800
1400000US06037212800,6037212800,"Census Tract 2128, Los Angeles County, California",212800,580400,638500,733400,153000,153000
1400000US06037577200,6037577200,"Census Tract 5772, Los Angeles County, California",577200,668500,704600,734700,66200,66200
1400000US06037480002,6037480002,"Census Tract 4800.02, Los Angeles County, California",480002,688900,699500,734700,45800,45800
1400000US06037650605,6037650605,"Census Tract 6506.05, Los Angeles County, California",650605,763200,667700,736900,-26300,-26300
1400000US06037620522,6037620522,"Census Tract 6205.22, Los Angeles County, California",620522,722900,720100,737300,14400,14400
1400000US06037108202,6037108202,"Census Tract 1082.02, Los Angeles County, California",108202,821500,722000,738100,-83400,-83400
1400000US06037480600,6037480600,"Census Tract 4806, Los Angeles County, California",480600,750000,718900,738600,-11400,-11400
1400000US06037670407,6037670407,"Census Tract 6704.07, Los Angeles County, California",670407,818700,722400,739600,-79100,-79100
1400000US06037620701,6037620701,"Census Tract 6207.01, Los Angeles County, California",620701,737600,724400,741000,3400,3400
1400000US06037113102,6037113102,"Census Tract 1131.02, Los Angeles County, California",113102,758800,694400,744700,-14100,-14100
1400000US06037271300,6037271300,"Census Tract 2713, Los Angeles County, California",271300,709600,697800,745100,35500,35500
1400000US06037265520,6037265520,"Census Tract 2655.20, Los Angeles County, California",265520,726800,679800,745700,18900,18900
1400000US06037217100,6037217100,"Census Tract 2171, Los Angeles County, California",217100,738900,677300,747200,8300,8300
1400000US06037651402,6037651402,"Census Tract 6514.02, Los Angeles County, California",651402,679200,691800,747700,68500,68500
1400000US06037297500,6037297500,"Census Tract 2975, Los Angeles County, California",297500,560300,624200,749300,189000,189000
1400000US06037212702,6037212702,"Census Tract 2127.02, Los Angeles County, California",212702,743200,769800,749500,6300,6300
1400000US06037480201,6037480201,"Census Tract 4802.01, Los Angeles County, California",480201,668400,706200,749700,81300,81300
1400000US06037212900,6037212900,"Census Tract 2129, Los Angeles County, California",212900,715300,887200,750000,34700,34700
1400000US06037137301,6037137301,"Census Tract 1373.01, Los Angeles County, California",137301,708600,711100,750900,42300,42300
1400000US06037275602,6037275602,"Census Tract 2756.02, Los Angeles County, California",275602,651700,639200,751200,99500,99500
1400000US06037212610,6037212610,"Census Tract 2126.10, Los Angeles County, California",212610,631100,673700,751400,120300,120300
1400000US06037265601,6037265601,"Census Tract 2656.01, Los Angeles County, California",265601,908300,730400,751400,-156900,-156900
1400000US06037577300,6037577300,"Census Tract 5773, Los Angeles County, California",577300,738300,667500,756100,17800,17800
1400000US06037221401,6037221401,"Census Tract 2214.01, Los Angeles County, California",221401,475000,567900,756700,281700,281700
1400000US06037125600,6037125600,"Census Tract 1256, Los Angeles County, California",125600,672800,657000,759800,87000,87000
1400000US06037143400,6037143400,"Census Tract 1434, Los Angeles County, California",143400,682500,662900,762500,80000,80000
1400000US06037702600,6037702600,"Census Tract 7026, Los Angeles County, California",702600,706200,690800,763300,57100,57100
1400000US06037430301,6037430301,"Census Tract 4303.01, Los Angeles County, California",430301,679400,712700,764800,85400,85400
1400000US06037275311,6037275311,"Census Tract 2753.11, Los Angeles County, California",275311,687600,726300,767300,79700,79700
1400000US06037272301,6037272301,"Census Tract 2723.01, Los Angeles County, California",272301,756600,768600,767300,10700,10700
1400000US06037651222,6037651222,"Census Tract 6512.22, Los Angeles County, California",651222,678500,700800,768500,90000,90000
1400000US06037143604,6037143604,"Census Tract 1436.04, Los Angeles County, California",143604,350000,518800,769900,419900,419900
1400000US06037403405,6037403405,"Census Tract 4034.05, Los Angeles County, California",403405,697100,734500,770800,73700,73700
1400000US06037574800,6037574800,"Census Tract 5748, Los Angeles County, California",574800,842300,735400,772300,-70000,-70000
1400000US06037701602,6037701602,"Census Tract 7016.02, Los Angeles County, California",701602,684100,684100,772600,88500,88500
1400000US06037920328,6037920328,"Census Tract 9203.28, Los Angeles County, California",920328,694700,678600,773100,78400,78400
1400000US06037195500,6037195500,"Census Tract 1955, Los Angeles County, California",195500,612800,669600,775100,162300,162300
1400000US06037276000,6037276000,"Census Tract 2760, Los Angeles County, California",276000,666300,660800,776400,110100,110100
1400000US06037208301,6037208301,"Census Tract 2083.01, Los Angeles County, California",208301,415800,537500,776800,361000,361000
1400000US06037124000,6037124000,"Census Tract 1240, Los Angeles County, California",124000,711100,677600,777300,66200,66200
1400000US06037461200,6037461200,"Census Tract 4612, Los Angeles County, California",461200,770400,731500,778000,7600,7600
1400000US06037462600,6037462600,"Census Tract 4626, Los Angeles County, California",462600,794700,765500,778800,-15900,-15900
1400000US06037301400,6037301400,"Census Tract 3014, Los Angeles County, California",301400,730000,744100,779000,49000,49000
1400000US06037620501,6037620501,"Census Tract 6205.01, Los Angeles County, California",620501,698500,714300,779200,80700,80700
1400000US06037143100,6037143100,"Census Tract 1431, Los Angeles County, California",143100,899700,869800,780700,-119000,-119000
1400000US06037701501,6037701501,"Census Tract 7015.01, Los Angeles County, California",701501,760300,776200,782600,22300,22300
1400000US06037700501,6037700501,"Census Tract 7005.01, Los Angeles County, California",700501,682100,728200,783000,100900,100900
1400000US06037108103,6037108103,"Census Tract 1081.03, Los Angeles County, California",108103,714400,719600,783400,69000,69000
1400000US06037480703,6037480703,"Census Tract 4807.03, Los Angeles County, California",480703,770100,712000,784800,14700,14700
1400000US06037300902,6037300902,"Census Tract 3009.02, Los Angeles County, California",300902,693600,712300,786200,92600,92600
1400000US06037620702,6037620702,"Census Tract 6207.02, Los Angeles County, California",620702,713900,712800,786700,72800,72800
1400000US06037800325,6037800325,"Census Tract 8003.25, Los Angeles County, California",800325,798500,717000,788700,-9800,-9800
1400000US06037300100,6037300100,"Census Tract 3001, Los Angeles County, California",300100,741900,700000,789000,47100,47100
1400000US06037310100,6037310100,"Census Tract 3101, Los Angeles County, California",310100,768300,712500,793100,24800,24800
1400000US06037217200,6037217200,"Census Tract 2172, Los Angeles County, California",217200,686600,795900,795600,109000,109000
1400000US06037430502,6037430502,"Census Tract 4305.02, Los Angeles County, California",430502,729300,745000,796400,67100,67100
1400000US06037276500,6037276500,"Census Tract 2765, Los Angeles County, California",276500,769600,724900,796900,27300,27300
1400000US06037571800,6037571800,"Census Tract 5718, Los Angeles County, California",571800,802000,790000,797000,-5000,-5000
1400000US06037651101,6037651101,"Census Tract 6511.01, Los Angeles County, California",651101,764400,762500,797600,33200,33200
1400000US06037141202,6037141202,"Census Tract 1412.02, Los Angeles County, California",141202,886800,804800,800000,-86800,-86800
1400000US06037400501,6037400501,"Census Tract 4005.01, Los Angeles County, California",400501,862200,795900,803800,-58400,-58400
1400000US06037106643,6037106643,"Census Tract 1066.43, Los Angeles County, California",106643,777900,788400,804600,26700,26700
1400000US06037406300,6037406300,"Census Tract 4063, Los Angeles County, California",406300,663100,702600,805000,141900,141900
1400000US06037480704,6037480704,"Census Tract 4807.04, Los Angeles County, California",480704,716800,736300,806100,89300,89300
1400000US06037463300,6037463300,"Census Tract 4633, Los Angeles County, California",463300,659500,696900,806500,147000,147000
1400000US06037702802,6037702802,"Census Tract 7028.02, Los Angeles County, California",702802,677100,663500,806800,129700,129700
1400000US06037271701,6037271701,"Census Tract 2717.01, Los Angeles County, California",271701,759200,707400,807000,47800,47800
1400000US06037267600,6037267600,"Census Tract 2676, Los Angeles County, California",267600,733000,762900,816400,83400,83400
1400000US06037620002,6037620002,"Census Tract 6200.02, Los Angeles County, California",620002,736000,715400,816600,80600,80600
1400000US06037651201,6037651201,"Census Tract 6512.01, Los Angeles County, California",651201,702300,710100,816800,114500,114500
1400000US06037463700,6037463700,"Census Tract 4637, Los Angeles County, California",463700,742700,775000,818200,75500,75500
1400000US06037134424,6037134424,"Census Tract 1344.24, Los Angeles County, California",134424,822900,769600,819700,-3200,-3200
1400000US06037264103,6037264103,"Census Tract 2641.03, Los Angeles County, California",264103,616500,628300,820400,203900,203900
1400000US06037191620,6037191620,"Census Tract 1916.20, Los Angeles County, California",191620,470500,500000,820700,350200,350200
1400000US06037460100,6037460100,"Census Tract 4601, Los Angeles County, California",460100,727300,742700,823000,95700,95700
1400000US06037651221,6037651221,"Census Tract 6512.21, Los Angeles County, California",651221,702600,731700,828100,125500,125500
1400000US06037463900,6037463900,"Census Tract 4639, Los Angeles County, California",463900,810500,786900,828900,18400,18400
1400000US06037197500,6037197500,"Census Tract 1975, Los Angeles County, California",197500,456400,666700,834400,378000,378000
1400000US06037463000,6037463000,"Census Tract 4630, Los Angeles County, California",463000,668400,700400,838400,170000,170000
1400000US06037271801,6037271801,"Census Tract 2718.01, Los Angeles County, California",271801,749000,752800,839200,90200,90200
1400000US06037269602,6037269602,"Census Tract 2696.02, Los Angeles County, California",269602,866700,845300,839300,-27400,-27400
1400000US06037300701,6037300701,"Census Tract 3007.01, Los Angeles County, California",300701,835000,833400,840700,5700,5700
1400000US06037460000,6037460000,"Census Tract 4600, Los Angeles County, California",460000,730500,737700,840800,110300,110300
1400000US06037194402,6037194402,"Census Tract 1944.02, Los Angeles County, California",194402,976700,788600,845700,-131000,-131000
1400000US06037217002,6037217002,"Census Tract 2170.02, Los Angeles County, California",217002,688700,709600,846200,157500,157500
1400000US06037192002,6037192002,"Census Tract 1920.02, Los Angeles County, California",192002,698900,799100,847000,148100,148100
1400000US06037264301,6037264301,"Census Tract 2643.01, Los Angeles County, California",264301,714100,829900,848300,134200,134200
1400000US06037577603,6037577603,"Census Tract 5776.03, Los Angeles County, California",577603,812200,838600,848800,36600,36600
1400000US06037408703,6037408703,"Census Tract 4087.03, Los Angeles County, California",408703,742700,785800,849300,106600,106600
1400000US06037700400,6037700400,"Census Tract 7004, Los Angeles County, California",700400,778800,838300,849400,70600,70600
1400000US06037620102,6037620102,"Census Tract 6201.02, Los Angeles County, California",620102,825000,814100,850000,25000,25000
1400000US06037300901,6037300901,"Census Tract 3009.01, Los Angeles County, California",300901,814700,826600,850600,35900,35900
1400000US06037650603,6037650603,"Census Tract 6506.03, Los Angeles County, California",650603,766100,815600,851100,85000,85000
1400000US06037703002,6037703002,"Census Tract 7030.02, Los Angeles County, California",703002,765400,758100,851200,85800,85800
1400000US06037910809,6037910809,"Census Tract 9108.09, Los Angeles County, California",910809,876600,810000,851300,-25300,-25300
1400000US06037651304,6037651304,"Census Tract 6513.04, Los Angeles County, California",651304,808900,806200,852200,43300,43300
1400000US06037702002,6037702002,"Census Tract 7020.02, Los Angeles County, California",702002,870400,820800,853400,-17000,-17000
1400000US06037403403,6037403403,"Census Tract 4034.03, Los Angeles County, California",403403,738300,725600,854600,116300,116300
1400000US06037276400,6037276400,"Census Tract 2764, Los Angeles County, California",276400,705000,704500,854900,149900,149900
1400000US06037500202,6037500202,"Census Tract 5002.02, Los Angeles County, California",500202,830700,810200,855400,24700,24700
1400000US06037621324,6037621324,"Census Tract 6213.24, Los Angeles County, California",621324,733300,797500,855800,122500,122500
1400000US06037500100,6037500100,"Census Tract 5001, Los Angeles County, California",500100,834600,761000,861000,26400,26400
1400000US06037141400,6037141400,"Census Tract 1414, Los Angeles County, California",141400,916300,904100,862100,-54200,-54200
1400000US06037274100,6037274100,"Census Tract 2741, Los Angeles County, California",274100,940300,888400,862400,-77900,-77900
1400000US06037621201,6037621201,"Census Tract 6212.01, Los Angeles County, California",621201,825600,818600,863800,38200,38200
1400000US06037271100,6037271100,"Census Tract 2711, Los Angeles County, California",271100,765800,741000,866100,100300,100300
1400000US06037702700,6037702700,"Census Tract 7027, Los Angeles County, California",702700,759700,784400,866500,106800,106800
1400000US06037577400,6037577400,"Census Tract 5774, Los Angeles County, California",577400,761300,814400,868600,107300,107300
1400000US06037214902,6037214902,"Census Tract 2149.02, Los Angeles County, California",214902,664000,751200,868800,204800,204800
1400000US06037143500,6037143500,"Census Tract 1435, Los Angeles County, California",143500,775500,684300,869100,93600,93600
1400000US06037621301,6037621301,"Census Tract 6213.01, Los Angeles County, California",621301,768900,753400,875600,106700,106700
1400000US06037800332,6037800332,"Census Tract 8003.32, Los Angeles County, California",800332,825700,806100,878400,52700,52700
1400000US06037701702,6037701702,"Census Tract 7017.02, Los Angeles County, California",701702,619700,734400,885700,266000,266000
1400000US06037403500,6037403500,"Census Tract 4035, Los Angeles County, California",403500,795100,825100,886400,91300,91300
1400000US06037800101,6037800101,"Census Tract 8001.01, Los Angeles County, California",800101,861900,847400,886600,24700,24700
1400000US06037702501,6037702501,"Census Tract 7025.01, Los Angeles County, California",702501,773300,789800,886800,113500,113500
1400000US06037139701,6037139701,"Census Tract 1397.01, Los Angeles County, California",139701,910100,858100,887700,-22400,-22400
1400000US06037192410,6037192410,"Census Tract 1924.10, Los Angeles County, California",192410,839500,809700,890900,51400,51400
1400000US06037189600,6037189600,"Census Tract 1896, Los Angeles County, California",189600,973700,901300,892200,-81500,-81500
1400000US06037301300,6037301300,"Census Tract 3013, Los Angeles County, California",301300,915300,901500,893200,-22100,-22100
1400000US06037277000,6037277000,"Census Tract 2770, Los Angeles County, California",277000,831200,787300,893600,62400,62400
1400000US06037271901,6037271901,"Census Tract 2719.01, Los Angeles County, California",271901,803700,850500,900600,96900,96900
1400000US06037214400,6037214400,"Census Tract 2144, Los Angeles County, California",214400,1000001,869600,902200,-97801,-97801
1400000US06037621400,6037621400,"Census Tract 6214, Los Angeles County, California",621400,899700,897800,905500,5800,5800
1400000US06037189800,6037189800,"Census Tract 1898, Los Angeles County, California",189800,718600,730800,906800,188200,188200
1400000US06037272100,6037272100,"Census Tract 2721, Los Angeles County, California",272100,732500,807600,907500,175000,175000
1400000US06037137501,6037137501,"Census Tract 1375.01, Los Angeles County, California",137501,822800,867800,909800,87000,87000
1400000US06037191902,6037191902,"Census Tract 1919.02, Los Angeles County, California",191902,745100,784500,909900,164800,164800
1400000US06037621102,6037621102,"Census Tract 6211.02, Los Angeles County, California",621102,852200,819000,912500,60300,60300
1400000US06037800102,6037800102,"Census Tract 8001.02, Los Angeles County, California",800102,968400,899800,912500,-55900,-55900
1400000US06037267502,6037267502,"Census Tract 2675.02, Los Angeles County, California",267502,641000,716500,912700,271700,271700
1400000US06037195201,6037195201,"Census Tract 1952.01, Los Angeles County, California",195201,853200,861700,919400,66200,66200
1400000US06037463800,6037463800,"Census Tract 4638, Los Angeles County, California",463800,867200,911800,922000,54800,54800
1400000US06037430803,6037430803,"Census Tract 4308.03, Los Angeles County, California",430803,766300,862500,922900,156600,156600
1400000US06037192300,6037192300,"Census Tract 1923, Los Angeles County, California",192300,845400,835400,923200,77800,77800
1400000US06037195202,6037195202,"Census Tract 1952.02, Los Angeles County, California",195202,815700,813400,924300,108600,108600
1400000US06037267100,6037267100,"Census Tract 2671, Los Angeles County, California",267100,832500,898600,925000,92500,92500
1400000US06037700101,6037700101,"Census Tract 7001.01, Los Angeles County, California",700101,900200,927100,926200,26000,26000
1400000US06037192001,6037192001,"Census Tract 1920.01, Los Angeles County, California",192001,875000,881500,927000,52000,52000
1400000US06037139402,6037139402,"Census Tract 1394.02, Los Angeles County, California",139402,769500,882800,927900,158400,158400
1400000US06037670411,6037670411,"Census Tract 6704.11, Los Angeles County, California",670411,889300,882300,929400,40100,40100
1400000US06037216100,6037216100,"Census Tract 2161, Los Angeles County, California",216100,819300,849800,929600,110300,110300
1400000US06037430501,6037430501,"Census Tract 4305.01, Los Angeles County, California",430501,772300,862300,930000,157700,157700
1400000US06037480702,6037480702,"Census Tract 4807.02, Los Angeles County, California",480702,864800,868200,936800,72000,72000
1400000US06037620001,6037620001,"Census Tract 6200.01, Los Angeles County, California",620001,836300,870300,941500,105200,105200
1400000US06037141102,6037141102,"Census Tract 1411.02, Los Angeles County, California",141102,866600,881600,943300,76700,76700
1400000US06037800330,6037800330,"Census Tract 8003.30, Los Angeles County, California",800330,787900,808000,944900,157000,157000
1400000US06037139600,6037139600,"Census Tract 1396, Los Angeles County, California",139600,642900,747200,953900,311000,311000
1400000US06037670405,6037670405,"Census Tract 6704.05, Los Angeles County, California",670405,930600,933000,954100,23500,23500
1400000US06037701802,6037701802,"Census Tract 7018.02, Los Angeles County, California",701802,667700,940300,954500,286800,286800
1400000US06037269100,6037269100,"Census Tract 2691, Los Angeles County, California",269100,899200,895100,960400,61200,61200
1400000US06037216200,6037216200,"Census Tract 2162, Los Angeles County, California",216200,849800,905700,961800,112000,112000
1400000US06037701202,6037701202,"Census Tract 7012.02, Los Angeles County, California",701202,873500,854900,968200,94700,94700
1400000US06037430802,6037430802,"Census Tract 4308.02, Los Angeles County, California",430802,782800,868000,971000,188200,188200
1400000US06037271400,6037271400,"Census Tract 2714, Los Angeles County, California",271400,832700,855400,971600,138900,138900
1400000US06037190700,6037190700,"Census Tract 1907, Los Angeles County, California",190700,767400,831300,978400,211000,211000
1400000US06037300702,6037300702,"Census Tract 3007.02, Los Angeles County, California",300702,895800,922200,978500,82700,82700
1400000US06037651302,6037651302,"Census Tract 6513.02, Los Angeles County, California",651302,911100,895300,979100,68000,68000
1400000US06037189701,6037189701,"Census Tract 1897.01, Los Angeles County, California",189701,945100,972800,986300,41200,41200
1400000US06037464000,6037464000,"Census Tract 4640, Los Angeles County, California",464000,853300,862800,987000,133700,133700
1400000US06037267800,6037267800,"Census Tract 2678, Los Angeles County, California",267800,885700,894100,990600,104900,104900
1400000US06037267902,6037267902,"Census Tract 2679.02, Los Angeles County, California",267902,847300,933700,992000,144700,144700
1400000US06037702300,6037702300,"Census Tract 7023, Los Angeles County, California",702300,972800,982800,996500,23700,23700
1400000US06037670413,6037670413,"Census Tract 6704.13, Los Angeles County, California",670413,953300,928800,1006400,53100,53100
1400000US06037702201,6037702201,"Census Tract 7022.01, Los Angeles County, California",702201,980600,981000,1019800,39200,39200
1400000US06037264302,6037264302,"Census Tract 2643.02, Los Angeles County, California",264302,997200,957900,1025200,28000,28000
1400000US06037480500,6037480500,"Census Tract 4805, Los Angeles County, California",480500,993400,993900,1032300,38900,38900
1400000US06037143700,6037143700,"Census Tract 1437, Los Angeles County, California",143700,977300,965800,1035500,58200,58200
1400000US06037195100,6037195100,"Census Tract 1951, Los Angeles County, California",195100,885600,917100,1037500,151900,151900
1400000US06037621001,6037621001,"Census Tract 6210.01, Los Angeles County, California",621001,928500,930200,1040800,112300,112300
1400000US06037800326,6037800326,"Census Tract 8003.26, Los Angeles County, California",800326,855500,978400,1043400,187900,187900
1400000US06037189400,6037189400,"Census Tract 1894, Los Angeles County, California",189400,948000,984600,1045600,97600,97600
1400000US06037137504,6037137504,"Census Tract 1375.04, Los Angeles County, California",137504,893800,916700,1046600,152800,152800
1400000US06037620400,6037620400,"Census Tract 6204, Los Angeles County, California",620400,971100,961500,1047100,76000,76000
1400000US06037143800,6037143800,"Census Tract 1438, Los Angeles County, California",143800,930400,939400,1051600,121200,121200
1400000US06037141600,6037141600,"Census Tract 1416, Los Angeles County, California",141600,977600,973500,1054100,76500,76500
1400000US06037577501,6037577501,"Census Tract 5775.01, Los Angeles County, California",577501,996900,1000001,1056300,59400,59400
1400000US06037430400,6037430400,"Census Tract 4304, Los Angeles County, California",430400,814400,893900,1057600,243200,243200
1400000US06037431700,6037431700,"Census Tract 4317, Los Angeles County, California",431700,877900,897400,1057900,180000,180000
1400000US06037271902,6037271902,"Census Tract 2719.02, Los Angeles County, California",271902,853600,862300,1058000,204400,204400
1400000US06037139801,6037139801,"Census Tract 1398.01, Los Angeles County, California",139801,991700,987500,1058400,66700,66700
1400000US06037700802,6037700802,"Census Tract 7008.02, Los Angeles County, California",700802,1000001,1000001,1058700,58699,58699
1400000US06037189702,6037189702,"Census Tract 1897.02, Los Angeles County, California",189702,767600,754600,1063400,295800,295800
1400000US06037670403,6037670403,"Census Tract 6704.03, Los Angeles County, California",670403,972100,955900,1064900,92800,92800
1400000US06037271500,6037271500,"Census Tract 2715, Los Angeles County, California",271500,907800,894900,1068200,160400,160400
1400000US06037274202,6037274202,"Census Tract 2742.02, Los Angeles County, California",274202,948800,969400,1070800,122000,122000
1400000US06037273700,6037273700,"Census Tract 2737, Los Angeles County, California",273700,903300,962300,1071000,167700,167700
1400000US06037216800,6037216800,"Census Tract 2168, Los Angeles County, California",216800,1000001,1000001,1076900,76899,76899
1400000US06037267901,6037267901,"Census Tract 2679.01, Los Angeles County, California",267901,930200,984400,1077900,147700,147700
1400000US06037431600,6037431600,"Census Tract 4316, Los Angeles County, California",431600,848700,939600,1087600,238900,238900
1400000US06037273402,6037273402,"Census Tract 2734.02, Los Angeles County, California",273402,990500,921600,1090900,100400,100400
1400000US06037265602,6037265602,"Census Tract 2656.02, Los Angeles County, California",265602,960100,914400,1093800,133700,133700
1400000US06037460502,6037460502,"Census Tract 4605.02, Los Angeles County, California",460502,1000001,1000001,1094900,94899,94899
1400000US06037139802,6037139802,"Census Tract 1398.02, Los Angeles County, California",139802,998000,1000001,1103000,105000,105000
1400000US06037273100,6037273100,"Census Tract 2731, Los Angeles County, California",273100,849400,909400,1104800,255400,255400
1400000US06037278102,6037278102,"Census Tract 2781.02, Los Angeles County, California",278102,1000001,991700,1110300,110299,110299
1400000US06037194401,6037194401,"Census Tract 1944.01, Los Angeles County, California",194401,825800,892900,1110600,284800,284800
1400000US06037273200,6037273200,"Census Tract 2732, Los Angeles County, California",273200,971200,993400,1111500,140300,140300
1400000US06037214600,6037214600,"Census Tract 2146, Los Angeles County, California",214600,917600,936300,1116800,199200,199200
1400000US06037670702,6037670702,"Census Tract 6707.02, Los Angeles County, California",670702,1000001,1000001,1119300,119299,119299
1400000US06037217001,6037217001,"Census Tract 2170.01, Los Angeles County, California",217001,1000001,986100,1121400,121399,121399
1400000US06037701902,6037701902,"Census Tract 7019.02, Los Angeles County, California",701902,632200,692300,1122900,490700,490700
1400000US06037276601,6037276601,"Census Tract 2766.01, Los Angeles County, California",276601,947200,914200,1123300,176100,176100
1400000US06037271600,6037271600,"Census Tract 2716, Los Angeles County, California",271600,930500,972900,1127100,196600,196600
1400000US06037670202,6037670202,"Census Tract 6702.02, Los Angeles County, California",670202,1000001,997600,1129600,129599,129599
1400000US06037403407,6037403407,"Census Tract 4034.07, Los Angeles County, California",403407,914300,1000001,1133700,219400,219400
1400000US06037216300,6037216300,"Census Tract 2163, Los Angeles County, California",216300,1000001,1000001,1135700,135699,135699
1400000US06037214000,6037214000,"Census Tract 2140, Los Angeles County, California",214000,1000001,1000001,1141200,141199,141199
1400000US06037141700,6037141700,"Census Tract 1417, Los Angeles County, California",141700,1000001,1000001,1144300,144299,144299
1400000US06037143902,6037143902,"Census Tract 1439.02, Los Angeles County, California",143902,881100,939900,1147700,266600,266600
1400000US06037700801,6037700801,"Census Tract 7008.01, Los Angeles County, California",700801,1000001,1000001,1148700,148699,148699
1400000US06037189500,6037189500,"Census Tract 1895, Los Angeles County, California",189500,771100,622100,1149200,378100,378100
1400000US06037702102,6037702102,"Census Tract 7021.02, Los Angeles County, California",702102,1000001,1000001,1153400,153399,153399
1400000US06037214800,6037214800,"Census Tract 2148, Los Angeles County, California",214800,1000001,1000001,1154500,154499,154499
1400000US06037265700,6037265700,"Census Tract 2657, Los Angeles County, California",265700,1000001,1000001,1156000,155999,155999
1400000US06037214700,6037214700,"Census Tract 2147, Los Angeles County, California",214700,1000001,1000001,1157500,157499,157499
1400000US06037430701,6037430701,"Census Tract 4307.01, Los Angeles County, California",430701,923400,972300,1160300,236900,236900
1400000US06037400205,6037400205,"Census Tract 4002.05, Los Angeles County, California",400205,932200,941900,1163700,231500,231500
1400000US06037261200,6037261200,"Census Tract 2612, Los Angeles County, California",261200,1000001,1000001,1166300,166299,166299
1400000US06037273800,6037273800,"Census Tract 2738, Los Angeles County, California",273800,1000001,1000001,1175300,175299,175299
1400000US06037670406,6037670406,"Census Tract 6704.06, Los Angeles County, California",670406,1000001,1000001,1178700,178699,178699
1400000US06037670201,6037670201,"Census Tract 6702.01, Los Angeles County, California",670201,1000001,1000001,1182500,182499,182499
1400000US06037460600,6037460600,"Census Tract 4606, Los Angeles County, California",460600,1000001,1000001,1184800,184799,184799
1400000US06037670602,6037670602,"Census Tract 6706.02, Los Angeles County, California",670602,1000001,1000001,1189400,189399,189399
1400000US06037430600,6037430600,"Census Tract 4306, Los Angeles County, California",430600,1000001,1000001,1195500,195499,195499
1400000US06037460501,6037460501,"Census Tract 4605.01, Los Angeles County, California",460501,1000001,1000001,1195500,195499,195499
1400000US06037273502,6037273502,"Census Tract 2735.02, Los Angeles County, California",273502,1000001,1000001,1202100,202099,202099
1400000US06037189202,6037189202,"Census Tract 1892.02, Los Angeles County, California",189202,999300,1000001,1204500,205200,205200
1400000US06037139702,6037139702,"Census Tract 1397.02, Los Angeles County, California",139702,1000001,1000001,1206400,206399,206399
1400000US06037800202,6037800202,"Census Tract 8002.02, Los Angeles County, California",800202,1000001,1000001,1206400,206399,206399
1400000US06037194200,6037194200,"Census Tract 1942, Los Angeles County, California",194200,1000001,1000001,1207500,207499,207499
1400000US06037269500,6037269500,"Census Tract 2695, Los Angeles County, California",269500,1000001,1000001,1207600,207599,207599
1400000US06037621104,6037621104,"Census Tract 6211.04, Los Angeles County, California",621104,1000001,1000001,1215800,215799,215799
1400000US06037139703,6037139703,"Census Tract 1397.03, Los Angeles County, California",139703,1000001,1000001,1217600,217599,217599
1400000US06037800410,6037800410,"Census Tract 8004.10, Los Angeles County, California",800410,1000001,1000001,1223200,223199,223199
1400000US06037621326,6037621326,"Census Tract 6213.26, Los Angeles County, California",621326,957600,960500,1227000,269400,269400
1400000US06037702202,6037702202,"Census Tract 7022.02, Los Angeles County, California",702202,1000001,1000001,1228300,228299,228299
1400000US06037143901,6037143901,"Census Tract 1439.01, Los Angeles County, California",143901,1000001,1000001,1240700,240699,240699
1400000US06037194102,6037194102,"Census Tract 1941.02, Los Angeles County, California",194102,1000001,1000001,1247100,247099,247099
1400000US06037273300,6037273300,"Census Tract 2733, Los Angeles County, California",273300,1000001,1000001,1250000,249999,249999
1400000US06037188202,6037188202,"Census Tract 1882.02, Los Angeles County, California",188202,1000001,1000001,1267000,266999,266999
1400000US06037265410,6037265410,"Census Tract 2654.10, Los Angeles County, California",265410,1000001,1000001,1275900,275899,275899
1400000US06037273902,6037273902,"Census Tract 2739.02, Los Angeles County, California",273902,1000001,1000001,1276600,276599,276599
1400000US06037700901,6037700901,"Census Tract 7009.01, Los Angeles County, California",700901,1000001,1000001,1286600,286599,286599
1400000US06037194101,6037194101,"Census Tract 1941.01, Los Angeles County, California",194101,1000001,1000001,1303600,303599,303599
1400000US06037800204,6037800204,"Census Tract 8002.04, Los Angeles County, California",800204,1000001,1000001,1306200,306199,306199
1400000US06037620201,6037620201,"Census Tract 6202.01, Los Angeles County, California",620201,1000001,1000001,1325000,324999,324999
1400000US06037273600,6037273600,"Census Tract 2736, Los Angeles County, California",273600,1000001,1000001,1329400,329399,329399
1400000US06037800408,6037800408,"Census Tract 8004.08, Los Angeles County, California",800408,1000001,1000001,1336400,336399,336399
1400000US06037464200,6037464200,"Census Tract 4642, Los Angeles County, California",464200,1000001,1000001,1352900,352899,352899
1400000US06037265202,6037265202,"Census Tract 2652.02, Los Angeles County, California",265202,688700,1000001,1355400,666700,666700
1400000US06037460800,6037460800,"Census Tract 4608, Los Angeles County, California",460800,1000001,1000001,1360300,360299,360299
1400000US06037670416,6037670416,"Census Tract 6704.16, Los Angeles County, California",670416,1000001,1000001,1385100,385099,385099
1400000US06037194500,6037194500,"Census Tract 1945, Los Angeles County, California",194500,1000001,1000001,1392900,392899,392899
1400000US06037211000,6037211000,"Census Tract 2110, Los Angeles County, California",211000,1000001,1000001,1459300,459299,459299
1400000US06037141500,6037141500,"Census Tract 1415, Los Angeles County, California",141500,1000001,1000001,1469000,468999,468999
1400000US06037211500,6037211500,"Census Tract 2115, Los Angeles County, California",211500,1000001,1000001,1479200,479199,479199
1400000US06037620800,6037620800,"Census Tract 6208, Los Angeles County, California",620800,1000001,1000001,1482500,482499,482499
1400000US06037670324,6037670324,"Census Tract 6703.24, Los Angeles County, California",670324,1000001,1000001,1520900,520899,520899
1400000US06037262601,6037262601,"Census Tract 2626.01, Los Angeles County, California",262601,1000001,1000001,1521600,521599,521599
1400000US06037621004,6037621004,"Census Tract 6210.04, Los Angeles County, California",621004,1000001,1000001,1532100,532099,532099
1400000US06037269300,6037269300,"Census Tract 2693, Los Angeles County, California",269300,1000001,1000001,1532300,532299,532299
1400000US06037577504,6037577504,"Census Tract 5775.04, Los Angeles County, California",577504,1000001,1000001,1541700,541699,541699
1400000US06037700902,6037700902,"Census Tract 7009.02, Los Angeles County, California",700902,1000001,1000001,1547100,547099,547099
1400000US06037800203,6037800203,"Census Tract 8002.03, Los Angeles County, California",800203,1000001,1000001,1547100,547099,547099
1400000US06037189300,6037189300,"Census Tract 1893, Los Angeles County, California",189300,1000001,1000001,1547500,547499,547499
1400000US06037430200,6037430200,"Census Tract 4302, Los Angeles County, California",430200,1000001,1000001,1556500,556499,556499
1400000US06037262704,6037262704,"Census Tract 2627.04, Los Angeles County, California",262704,1000001,1000001,1574100,574099,574099
1400000US06037701000,6037701000,"Census Tract 7010, Los Angeles County, California",701000,1000001,1000001,1582400,582399,582399
1400000US06037620301,6037620301,"Census Tract 6203.01, Los Angeles County, California",620301,1000001,1000001,1613800,613799,613799
1400000US06037620305,6037620305,"Census Tract 6203.05, Los Angeles County, California",620305,1000001,1000001,1632900,632899,632899
1400000US06037464100,6037464100,"Census Tract 4641, Los Angeles County, California",464100,1000001,1000001,1637800,637799,637799
1400000US06037670328,6037670328,"Census Tract 6703.28, Los Angeles County, California",670328,1000001,1000001,1647100,647099,647099
1400000US06037460700,6037460700,"Census Tract 4607, Los Angeles County, California",460700,1000001,1000001,1662400,662399,662399
1400000US06037670326,6037670326,"Census Tract 6703.26, Los Angeles County, California",670326,1000001,1000001,1665300,665299,665299
1400000US06037701601,6037701601,"Census Tract 7016.01, Los Angeles County, California",701601,1000001,1000001,1707100,707099,707099
1400000US06037620303,6037620303,"Census Tract 6203.03, Los Angeles County, California",620303,1000001,1000001,1710700,710699,710699
1400000US06037269000,6037269000,"Census Tract 2690, Los Angeles County, California",269000,1000001,1000001,1711700,711699,711699
1400000US06037265420,6037265420,"Census Tract 2654.20, Los Angeles County, California",265420,1000001,1000001,1726100,726099,726099
1400000US06037265201,6037265201,"Census Tract 2652.01, Los Angeles County, California",265201,1000001,1000001,1736100,736099,736099
1400000US06037262604,6037262604,"Census Tract 2626.04, Los Angeles County, California",262604,1000001,1000001,1738600,738599,738599
1400000US06037262501,6037262501,"Census Tract 2625.01, Los Angeles County, California",262501,1000001,1000001,1740000,739999,739999
1400000US06037261101,6037261101,"Census Tract 2611.01, Los Angeles County, California",261101,1000001,1000001,1744200,744199,744199
1400000US06037262301,6037262301,"Census Tract 2623.01, Los Angeles County, California",262301,1000001,1000001,1780700,780699,780699
1400000US06037214100,6037214100,"Census Tract 2141, Los Angeles County, California",214100,1000001,1000001,1794900,794899,794899
1400000US06037214501,6037214501,"Census Tract 2145.01, Los Angeles County, California",214501,1000001,1000001,1796900,796899,796899
1400000US06037800506,6037800506,"Census Tract 8005.06, Los Angeles County, California",800506,1000001,1000001,1837800,837799,837799
1400000US06037800406,6037800406,"Census Tract 8004.06, Los Angeles County, California",800406,1000001,1000001,1968800,968799,968799
1400000US06037194300,6037194300,"Census Tract 1943, Los Angeles County, California",194300,1000001,1000001,2000000,999999,999999
1400000US06037211701,6037211701,"Census Tract 2117.01, Los Angeles County, California",211701,923300,839600,2000001,1076701,1076701
1400000US06037261102,6037261102,"Census Tract 2611.02, Los Angeles County, California",261102,1000001,1000001,2000001,1000000,1000000
1400000US06037262100,6037262100,"Census Tract 2621, Los Angeles County, California",262100,1000001,1000001,2000001,1000000,1000000
1400000US06037262200,6037262200,"Census Tract 2622, Los Angeles County, California",262200,1000001,1000001,2000001,1000000,1000000
1400000US06037262302,6037262302,"Census Tract 2623.02, Los Angeles County, California",262302,1000001,1000001,2000001,1000000,1000000
1400000US06037262303,6037262303,"Census Tract 2623.03, Los Angeles County, California",262303,1000001,1000001,2000001,1000000,1000000
1400000US06037262400,6037262400,"Census Tract 2624, Los Angeles County, California",262400,1000001,1000001,2000001,1000000,1000000
1400000US06037262706,6037262706,"Census Tract 2627.06, Los Angeles County, California",262706,1000001,1000001,2000001,574099,574099
1400000US06037262802,6037262802,"Census Tract 2628.02, Los Angeles County, California",262802,1000001,1000001,2000001,574099,574099
1400000US06037264000,6037264000,"Census Tract 2640, Los Angeles County, California",264000,1000001,1000001,2000001,574099,574099
1400000US06037265100,6037265100,"Census Tract 2651, Los Angeles County, California",265100,1000001,1000001,2000001,574099,574099
1400000US06037620901,6037620901,"Census Tract 6209.01, Los Angeles County, California",620901,1000001,1000001,2000001,1000000,1000000
1400000US06037620904,6037620904,"Census Tract 6209.04, Los Angeles County, California",620904,1000001,1000001,2000001,1000000,1000000
1400000US06037621002,6037621002,"Census Tract 6210.02, Los Angeles County, California",621002,1000001,1000001,2000001,1000000,1000000
1400000US06037670500,6037670500,"Census Tract 6705, Los Angeles County, California",670500,1000001,1000001,2000001,1000000,1000000
1400000US06037700600,6037700600,"Census Tract 7006, Los Angeles County, California",700600,1000001,1000001,2000001,1000000,1000000
1400000US06037700700,6037700700,"Census Tract 7007, Los Angeles County, California",700700,1000001,1000001,2000001,1000000,1000000
1400000US06037701201,6037701201,"Census Tract 7012.01, Los Angeles County, California",701201,1000001,1000001,2000001,1000000,1000000
1400000US06037701304,6037701304,"Census Tract 7013.04, Los Angeles County, California",701304,1000001,1000001,2000001,1000000,1000000
1400000US06037800504,6037800504,"Census Tract 8005.04, Los Angeles County, California",800504,1000001,1000001,2000001,1000000,1000000
